17,1.0,0.0729753251268,0.0831118657242,0.517929649646,0.181217447917,1.57333333333,0.809316148776,8
17,0.00666666666667,-1.0,0.0,0.608773148148,0.608773148148,1.0,0.920833333333,2
17,0.806666666667,-1.0,0.0298287938818,0.165820117216,0.209521484375,1.0,0.432328254132,5
17,0.04,-1.0,0.0491169889144,0.932048339844,0.981829427083,1.0,0.994921875,6
17,0.0,-1.0,-1.0,0.0,0.0,0.0,0.0,9
17,1.0,0.0199566415409,0.0175409522073,0.177211687813,0.1325,3.32666666667,0.552903028279,10
17,0.0,-1.0,-1.0,0.0,0.0,0.0,0.0,4
17,0.36,-1.0,0.0113556133338,0.915951026901,0.907421875,1.0,0.963220164609,7
17,0.0,-1.0,-1.0,0.0,0.0,0.0,0.0,1
17,0.0,-1.0,-1.0,0.0,0.0,0.0,0.0,3
17,1.0,0.0591069820732,0.0278764793748,0.510234952885,0.640193142361,1.44,0.798990483539,7
17,0.04,-1.0,0.0352247703318,0.303394458912,0.296988932292,1.0,0.579427083333,3
17,1.0,0.0944770621617,0.174535127842,0.530124377691,0.355734592014,1.62,0.809390717878,9
17,0.993333333333,0.00994864754676,0.003125,0.235542740583,0.225824652778,1.0,0.606506338553,4
17,0.28,-1.0,0.239535035012,0.58771228055,0.418233506944,1.0,0.925502232143,2
17,0.0533333333333,-1.0,0.0133398421613,0.338068847656,0.356296296296,1.0,0.814930555556,6
17,0.153333333333,-1.0,0.105122283292,0.493760869565,0.64025,1.0,0.8375,10
17,1.0,0.0450954033836,0.075,0.75241376012,0.736923828125,1.04,0.957426883013,8
17,0.893333333333,-1.0,0.0275882422621,0.695113135092,0.679972222222,1.0,0.916131840796,5
17,0.0133333333333,-1.0,0.0267000117041,0.251851128472,0.272135416667,1.0,0.573611111111,1
17,1.0,0.0758191521775,0.201136171057,0.62792518718,0.244248046875,1.23333333333,0.814504504505,8
17,0.966666666667,0.0540534451842,0.0672545894048,0.282443841169,0.308688151042,1.33793103448,0.537542955326,6
17,1.0,0.0473480886015,0.0234786161985,0.480678528547,0.59212890625,1.58,0.83854899203,10
17,1.0,0.0201000503167,0.0169571047876,0.249825014275,0.258958333333,1.0,0.609592592593,3
17,0.433333333333,0.0365930573037,0.0749373311509,0.582356812438,0.48052734375,1.0,0.932536057692,2
17,0.193333333333,0.439898039136,0.573599445839,0.221082441165,0.2962890625,1.03448275862,0.493981481481,1
17,0.28,0.0236539702988,0.00756006123951,0.279935227997,0.28857421875,1.0,0.720200892857,4
17,0.126666666667,-1.0,0.025,0.870969474983,0.846560329861,1.0,0.998396381579,9
17,1.0,0.066660792734,0.0804728701151,0.306995534397,0.29326171875,1.54,0.584583934584,7
17,1.0,0.0256974850239,0.00323941771936,0.535925915368,0.561,1.00666666667,0.935607064018,5
17,1.0,0.0504261845722,0.0365228636917,0.452602203212,0.642604166667,1.7,0.795904139434,9
17,0.22,-1.0,0.108974686295,0.256311694083,0.241881510417,1.0303030303,0.536695772059,7
17,1.0,0.0101720168637,0.00726889632481,0.245108197531,0.257265625,1.0,0.609185185185,3
17,0.28,-1.0,0.084785523938,0.288936349605,0.286868489583,1.0,0.722042410714,4
17,0.1,-1.0,0.0838612204446,0.908639467593,0.913576388889,1.0,0.957407407407,5
17,0.0133333333333,-1.0,0.023733343737,0.273017939815,0.284166666667,1.0,0.784722222222,6
17,0.513333333333,-1.0,0.131251033395,0.207329859756,0.1894921875,1.61038961039,0.472759856631,2
17,1.0,0.0458879521965,0.0461146701323,0.708234566747,0.711471354167,1.01333333333,0.934318462171,10
17,0.8,-1.0,0.0614736719717,0.555181621613,0.52449537037,1.05833333333,0.938543307087,8
17,0.126666666667,0.0111279210076,0.0373711779085,0.0797466047245,0.0607118055556,1.0,0.445029239766,1
17,0.973333333333,0.350242881617,0.53628784148,0.238532378118,0.269386574074,1.19863013699,0.552178571429,6
17,0.04,-1.0,0.0384147685721,0.286711727189,0.28259765625,1.0,0.609244791667,3
17,0.0466666666667,-1.0,0.0273579383383,0.110902047017,0.13341796875,1.0,0.372879464286,1
17,0.96,0.0168498684102,0.0186855889543,0.23759387274,0.206822916667,1.0,0.600270061728,7
17,0.0933333333333,-1.0,0.0197277919683,0.664189763145,0.513623046875,1.0,0.952622767857,4
17,0.00666666666667,-1.0,0.0,0.140185546875,0.140185546875,1.0,0.443055555556,2
17,0.52,-1.0,0.0717554380796,0.279696050718,0.28314453125,1.0,0.685807291667,8
17,0.0133333333333,-1.0,0.0333405663449,0.3283203125,0.333333333333,1.0,0.854166666667,5
17,1.0,0.0660709254917,0.379667494901,0.326469833427,0.0307671440972,2.26666666667,0.689824346405,9
17,0.806666666667,0.0238895384957,0.16321660606,0.728139844397,0.597873263889,1.00826446281,0.945395747951,10
6,0.0,-1.0,-1.0,0.0,0.0,0.0,0.0,5
6,0.0,-1.0,-1.0,0.0,0.0,0.0,0.0,7
6,0.653333333333,-1.0,0.249315484197,0.00455218487316,0.00205078125,1.30612244898,0.0684387207031,4
6,0.00666666666667,-1.0,0.0,0.00793981481481,0.00793981481481,1.0,0.136111111111,9
6,0.0,-1.0,-1.0,0.0,0.0,0.0,0.0,1
6,0.0133333333333,-1.0,0.0116605912267,0.0207142857143,0.0203571428571,1.0,0.145,3
6,0.833333333333,-1.0,0.274150415429,0.0258568117315,0.0968326822917,2.96,0.170435435435,6
6,1.0,0.0357519381387,0.0308383379322,0.0476986666234,0.00745225694444,4.62666666667,0.226798901297,10
6,0.0,-1.0,-1.0,0.0,0.0,0.0,0.0,2
6,0.5,-1.0,0.281700694368,0.056952168814,0.502638888889,3.45333333333,0.322822822823,8
6,0.0,-1.0,-1.0,0.0,0.0,0.0,0.0,5
6,0.653333333333,-1.0,0.249315484197,0.00455218487316,0.00205078125,1.30612244898,0.0684387207031,7
6,0.0,-1.0,-1.0,0.0,0.0,0.0,0.0,1
6,0.0133333333333,-1.0,0.0116605912267,0.0207142857143,0.0203571428571,1.0,0.145,10
6,0.986666666667,0.0205011819569,0.23048235077,0.046775289896,0.00247287326389,4.09459459459,0.227573226073,9
6,0.18,-1.0,0.415260439893,0.0120917965773,0.0132161458333,1.0,0.139763374486,6
6,0.0,-1.0,-1.0,0.0,0.0,0.0,0.0,2
6,0.08,-1.0,0.056216299168,0.00591255847319,0.00683810763889,1.0,0.0889973958333,3
6,0.0,-1.0,-1.0,0.0,0.0,0.0,0.0,8
6,0.0,-1.0,-1.0,0.0,0.0,0.0,0.0,4
6,0.213333333333,-1.0,0.357041549173,0.217357139587,0.313480902778,1.0,0.49130859375,4
6,0.273333333333,-1.0,0.569928761691,0.340754104208,0.287866753472,1.07317073171,0.646148989899,10
6,0.593333333333,0.266276430513,0.0156837245223,0.0052278374566,0.00880859375,1.34831460674,0.074609375,8
6,0.0733333333333,0.0863250364703,0.431531711529,0.00603511440159,0.00333333333333,1.0,0.0929924242424,7
6,0.166666666667,0.388447872059,0.439067442637,0.0331040761103,0.00912543402778,1.8,0.189598765432,6
6,0.0666666666667,-1.0,0.071824030841,0.0509954427083,0.0314670138889,1.0,0.304166666667,9
6,0.0,-1.0,-1.0,0.0,0.0,0.0,0.0,3
6,0.0,-1.0,-1.0,0.0,0.0,0.0,0.0,2
6,0.86,-1.0,0.39721532666,0.0328480331903,0.0217426215278,1.2015503876,0.225394265233,5
6,0.0,-1.0,-1.0,0.0,0.0,0.0,0.0,1
6,0.0,-1.0,-1.0,0.0,0.0,0.0,0.0,5
6,0.98,0.111562747835,0.0498889584879,0.0249547075634,0.0633181423611,2.39455782313,0.238991477273,9
6,1.0,0.0436517270646,0.0830579942043,0.0205394603909,0.0194444444444,1.0,0.172305555556,3
6,1.0,0.0164158190844,0.0131374981829,0.0523594849227,0.02470703125,4.02666666667,0.243486134106,10
6,0.986666666667,0.0755292422669,0.148421990946,0.122801299814,0.653642578125,1.02027027027,0.370686166299,6
6,1.0,0.023037985917,0.0694585489149,0.135161305136,0.18203125,1.03333333333,0.422885304659,8
6,0.0,-1.0,-1.0,0.0,0.0,0.0,0.0,4
6,0.0,-1.0,-1.0,0.0,0.0,0.0,0.0,2
6,0.846666666667,0.085005777662,0.390597462378,0.269043797101,0.0504698350694,1.07086614173,0.539188878676,7
6,0.713333333333,-1.0,0.549659748774,0.0214979141506,0.00325737847222,2.58878504673,0.226584436422,10
6,0.0,-1.0,-1.0,0.0,0.0,0.0,0.0,6
6,0.0,-1.0,-1.0,0.0,0.0,0.0,0.0,1
6,0.833333333333,0.120908626302,0.305092879365,0.0255136943586,0.0123177083333,2.816,0.169227430556,3
6,0.84,-1.0,0.150490518421,0.0113050084279,0.006357421875,2.0,0.136441798942,9
6,0.286666666667,-1.0,0.0391422796418,0.159637729604,0.164129050926,1.0,0.623094315245,4
6,0.0133333333333,-1.0,0.00478061451841,0.00177544487847,0.002412109375,1.0,0.0534722222222,5
6,0.0,-1.0,-1.0,0.0,0.0,0.0,0.0,2
6,0.0,-1.0,-1.0,0.0,0.0,0.0,0.0,8
6,0.113333333333,-1.0,0.192915636278,0.00465596572974,0.0052734375,1.29411764706,0.0743686868687,7
2,0.453333333333,0.0842091641453,0.115703209337,0.530001255902,0.645105251736,1.0,0.771078431373,10
2,1.0,0.0198031455392,0.037267799625,0.33270811394,0.25443287037,1.0,0.589574074074,2
2,1.0,0.0453458193862,0.0657351941717,0.0456254909336,0.0315158420139,1.0,0.232037037037,7
2,1.0,0.118217351143,0.10620406965,0.0722954207771,0.0621484375,1.15333333333,0.379030186256,6
2,1.0,0.0520979059738,0.113877276731,0.298460701678,0.257490234375,1.0,0.826546296296,8
2,0.0,-1.0,-1.0,0.0,0.0,0.0,0.0,1
2,0.386666666667,-1.0,0.0673649143399,0.0874864288907,0.15189453125,1.0,0.350909961686,9
2,0.193333333333,-1.0,0.449414518869,0.169714706308,0.0474066840278,1.03448275862,0.499296875,5
2,1.0,0.0252161089207,0.0419262745781,0.0799724406712,0.0600911458333,1.04666666667,0.297638004246,4
2,0.0,-1.0,-1.0,0.0,0.0,0.0,0.0,3
14,0.4,0.170251509013,0.326446704118,0.0790644814713,0.214073350694,1.61666666667,0.470303550974,6
14,0.253333333333,-1.0,0.0681000510013,0.0379214095175,0.0778255208333,2.26315789474,0.254102067183,10
14,0.233333333333,-1.0,0.467362602475,0.064017170209,0.01546875,2.4,0.452331349206,9
14,0.106666666667,0.193876528218,0.135081494036,0.222507476807,0.0168055555556,1.0,0.703125,1
14,0.52,-1.0,0.505022524835,0.0137804733728,0.00872395833333,1.66666666667,0.248814102564,7
14,0.346666666667,-1.0,0.125256085337,0.00160866477273,0.00133680555556,1.05769230769,0.075,5
14,0.0,-1.0,-1.0,0.0,0.0,0.0,0.0,2
14,0.0,-1.0,-1.0,0.0,0.0,0.0,0.0,8
14,0.206666666667,0.548229904953,0.841667812614,0.0041392326771,0.00499131944444,1.32258064516,0.116226287263,4
14,0.213333333333,0.182212176655,0.621882657841,0.0118834686279,0.00569661458333,1.0,0.2046875,3
14,0.0,-1.0,-1.0,0.0,0.0,0.0,0.0,5
14,0.493333333333,-1.0,0.368005608263,0.0697946359943,0.00107638888889,1.90540540541,0.425285657998,8
14,0.313333333333,-1.0,0.54375904217,0.0134114937931,0.00279188368056,1.08510638298,0.230092592593,4
14,0.02,-1.0,0.0122675630743,0.0716411072531,0.06328125,1.0,0.376851851852,2
14,0.0933333333333,-1.0,0.581600875818,0.0787292729592,0.0644401041667,1.0,0.638095238095,1
14,0.206666666667,-1.0,0.278062571021,0.00404880947537,0.00316840277778,1.03225806452,0.0955295138889,6
14,0.5,-1.0,0.00683948458458,0.174623851634,0.0975925925926,1.72,0.644035314384,7
14,0.2,-1.0,0.307469064163,0.034536328125,0.0909711371528,1.0,0.209907407407,9
14,0.4,0.108241318188,0.0161058813501,0.0389486265204,0.030625,1.08333333333,0.232329059829,3
14,0.273333333333,0.501964077987,0.413449903888,0.0760445221675,0.202643229167,1.92682926829,0.476019690577,10
14,0.04,-1.0,0.0197466898793,0.00364221643519,0.00515082465278,1.0,0.122685185185,7
14,0.253333333333,-1.0,0.0681000510013,0.0379214095175,0.0778255208333,2.26315789474,0.254102067183,10
14,0.373333333333,0.0957886711334,0.414410558639,0.114069756914,0.0179036458333,1.80357142857,0.597332233223,5
14,0.273333333333,-1.0,0.308703610895,0.00990486424773,0.000874565972222,1.29268292683,0.199449685535,4
14,0.0333333333333,-1.0,0.276506435802,0.00840946903935,0.00525716145833,1.2,0.126388888889,3
14,0.0,-1.0,-1.0,0.0,0.0,0.0,0.0,2
14,0.0,-1.0,-1.0,0.0,0.0,0.0,0.0,1
14,0.0,-1.0,-1.0,0.0,0.0,0.0,0.0,8
14,0.0,-1.0,-1.0,0.0,0.0,0.0,0.0,9
14,0.433333333333,-1.0,0.0223454766017,0.11343489731,0.0549207899306,2.44615384615,0.480223619846,6
14,0.0,-1.0,-1.0,0.0,0.0,0.0,0.0,1
14,0.946666666667,0.00710878802304,0.00414581733898,0.0763328725286,0.07001953125,1.0,0.384115805947,9
14,0.16,-1.0,0.352562332113,0.00174021875,0.0012890625,1.04166666667,0.0796666666667,4
14,0.32,0.150475555102,0.220329959606,0.127640785519,0.301776258681,1.83333333333,0.588131313131,3
14,0.153333333333,-1.0,0.393592585622,0.0148491061464,0.000963541666667,1.21739130435,0.149702380952,5
14,0.366666666667,0.0215252154339,0.0233080594871,0.112893454789,0.119660373264,1.0,0.663358585859,8
14,0.0,-1.0,-1.0,0.0,0.0,0.0,0.0,7
14,0.0,-1.0,-1.0,0.0,0.0,0.0,0.0,2
14,0.373333333333,0.0457403948519,0.286991100213,0.039323564569,0.345187717014,1.01785714286,0.287768031189,6
14,0.626666666667,-1.0,0.149483832261,0.0424031007752,0.0532235142119,1.27659574468,0.266666666667,10
14,0.666666666667,-1.0,0.645668871869,0.250666508401,0.404622395833,1.37,0.812631792376,5
14,0.266666666667,-1.0,0.343435262496,0.0512361927827,0.0385308159722,6.4,0.418033854167,3
14,0.0,-1.0,-1.0,0.0,0.0,0.0,0.0,1
14,0.16,-1.0,0.158833412617,0.00154068625185,0.00218424479167,1.08333333333,0.0759615384615,4
14,0.0,-1.0,-1.0,0.0,0.0,0.0,0.0,2
14,0.0733333333333,-1.0,0.00078125,0.222979250961,0.230263671875,1.0,0.91452020202,6
14,0.366666666667,0.0492209505492,0.359216618347,0.154546546465,0.0110763888889,3.05454545455,0.551157407407,7
14,0.166666666667,-1.0,0.104180218378,0.458547326733,0.888118811881,1.0,0.734851485149,10
14,0.626666666667,-1.0,0.149483832261,0.0424031007752,0.0532235142119,1.27659574468,0.266666666667,9
14,1.0,0.138799177422,0.532096729,0.0848701156721,0.031220703125,2.22666666667,0.428646872921,8
11,0.74,0.109251819053,0.143431386077,0.152164464678,0.126953125,1.00900900901,0.454947916667,3
11,0.566666666667,0.387455468582,0.594988656813,0.0753053915006,0.0582682291667,1.04705882353,0.318133583021,6
11,0.74,0.161698467597,0.297871249634,0.0825597504176,0.0570865885417,1.0,0.377052052052,10
11,0.506666666667,0.0966159364598,0.22632365883,0.0486035172721,0.0211382378472,1.01315789474,0.297132034632,8
11,0.04,-1.0,0.154672593277,0.00938132957176,0.00719401041667,1.0,0.144675925926,2
11,0.0,-1.0,-1.0,0.0,0.0,0.0,0.0,1
11,0.0,-1.0,-1.0,0.0,0.0,0.0,0.0,7
11,0.266666666667,-1.0,0.374570317504,0.0731523036005,0.147569444444,1.025,0.371172086721,4
11,0.373333333333,0.149557574589,0.195343361759,0.0801214130704,0.0353276909722,1.25,0.376527777778,9
11,0.0,-1.0,-1.0,0.0,0.0,0.0,0.0,5
11,0.873333333333,-1.0,0.0566727937864,0.245227742948,0.0529513888889,1.37404580153,0.576990740741,3
11,0.393333333333,0.153725541864,0.235857259882,0.0842912420287,0.196597222222,1.16949152542,0.435305958132,8
11,0.0,-1.0,-1.0,0.0,0.0,0.0,0.0,2
11,0.393333333333,-1.0,0.118148579567,0.0402452319287,0.0685416666667,1.0,0.302871939736,9
11,0.0,-1.0,-1.0,0.0,0.0,0.0,0.0,1
11,0.0,-1.0,-1.0,0.0,0.0,0.0,0.0,7
11,0.706666666667,-1.0,0.474376159249,0.123681377176,0.0459765625,1.33018867925,0.499586288416,6
11,0.446666666667,-1.0,0.535931236297,0.41343545925,0.0780718315972,1.14925373134,0.724837662338,10
11,0.0,-1.0,-1.0,0.0,0.0,0.0,0.0,5
11,0.473333333333,0.187090060974,0.390601388175,0.176543027679,0.0285185185185,1.08450704225,0.457575757576,4
11,0.206666666667,0.0870210546393,0.572549229816,0.165838605967,0.53625,1.45161290323,0.614691358025,7
11,0.0,-1.0,-1.0,0.0,0.0,0.0,0.0,3
11,0.733333333333,-1.0,0.432708350399,0.0385014651128,0.0145572916667,1.0,0.256603535354,9
11,0.0,-1.0,-1.0,0.0,0.0,0.0,0.0,4
11,0.366666666667,-1.0,0.417836898336,0.218931120544,0.222615740741,1.03636363636,0.502119883041,6
11,0.453333333333,0.0750827303566,0.201088317611,0.0318013266271,0.02953125,1.01470588235,0.206133540373,5
11,0.0,-1.0,-1.0,0.0,0.0,0.0,0.0,2
11,0.693333333333,0.332104865572,0.437931885594,0.168827965707,0.100931712963,1.21153846154,0.442041446208,1
11,0.273333333333,-1.0,0.410316335969,0.137221817298,0.0973784722222,1.19512195122,0.52123015873,8
11,0.366666666667,-1.0,0.574235756551,0.149359210602,0.0728580729167,1.12727272727,0.650985663082,10
11,0.533333333333,0.0868329395765,0.143433566274,0.0418778661092,0.0197786458333,1.0,0.303038194444,10
11,0.786666666667,-1.0,0.0647008922031,0.0854177546767,0.115288628472,1.04237288136,0.339814814815,8
11,0.0133333333333,-1.0,0.0130961364174,0.0400523546007,0.0369791666667,1.0,0.284027777778,5
11,0.0,-1.0,-1.0,0.0,0.0,0.0,0.0,6
11,0.793333333333,-1.0,0.201492131103,0.0443481370714,0.0418185763889,1.00840336134,0.237604166667,9
11,0.526666666667,0.104075228196,0.594557206183,0.0124505633093,0.003759765625,2.24050632911,0.136785938481,7
12,1.0,0.0885417290964,0.152951906174,0.19996626759,0.108072916667,1.31333333333,0.542153130288,7
12,0.913333333333,0.0415422112497,0.0292050064231,0.497410157707,0.502916666667,1.0,0.754653284672,9
12,1.0,0.12996229024,0.0326924058885,0.0798687408014,0.0376041666667,1.04666666667,0.327052370842,10
12,0.973333333333,0.0631358437364,0.223842024062,0.19965849436,0.248567708333,1.18493150685,0.820921644188,2
12,0.98,0.168063299713,0.379972815183,0.120658491784,0.2578515625,1.0,0.471126228269,6
12,0.473333333333,-1.0,0.290784683021,0.282632135241,0.4755859375,1.0,0.551540492958,5
12,0.626666666667,0.141603251338,0.34069578209,0.354105981958,0.167239583333,1.3085106383,0.682046070461,1
12,0.313333333333,0.0461118194913,0.0564041098778,0.560904966689,0.6026953125,1.08510638298,0.801661220044,8
12,0.74,0.206497591498,0.309651185819,0.201391653478,0.285359157986,1.0,0.493068068068,4
12,0.773333333333,-1.0,0.424584527369,0.12281619198,0.0957573784722,1.27586206897,0.45526463964,3
12,0.92,0.20683017747,0.139897191751,0.27350483763,0.0824913194444,1.58695652174,0.625057077626,5
12,1.0,0.0418479614376,0.0850091906796,0.520661791522,0.430148654514,1.0,0.761694444444,7
12,1.0,0.0980133414169,0.141773962806,0.0696048376307,0.135026041667,1.02,0.298293391431,10
12,0.993333333333,0.0625704282421,0.247074901486,0.169864268519,0.102159288194,1.0067114094,0.821592592593,8
12,0.626666666667,0.141603251338,0.34069578209,0.354105981958,0.167239583333,1.3085106383,0.682046070461,1
12,0.446666666667,-1.0,0.19579609575,0.34377986298,0.0744691358025,1.01492537313,0.636928104575,4
12,1.0,0.182933230385,0.0934757192083,0.266707321426,0.247502170139,1.06,0.627655485674,9
12,0.32,-1.0,0.338228665848,0.0658013154241,0.0797106481481,1.02083333333,0.359750566893,2
12,0.966666666667,-1.0,0.53957037379,0.167796446647,0.0563888888889,1.31724137931,0.423778359511,6
12,0.973333333333,-1.0,0.102101194819,0.223340143749,0.35642578125,1.01369863014,0.477017642643,3
12,0.966666666667,0.128004373851,0.0313223747166,0.076547419996,0.0942415364583,1.40689655172,0.355773420479,7
12,0.926666666667,0.0299846089285,0.012576923803,0.492485899039,0.559143880208,1.0,0.754506394884,5
12,1.0,0.100567911603,0.288179854467,0.0515992415357,0.306792534722,1.12666666667,0.277909270217,6
12,0.813333333333,0.138284134888,0.164649339934,0.188299685099,0.204184027778,1.0,0.519649362477,10
12,0.706666666667,0.0641313134845,0.160215520875,0.159297052607,0.0917534722222,1.00943396226,0.497170301142,8
12,0.44,0.0391609759717,0.0716727983084,0.210886512946,0.315881076389,1.0,0.677840909091,4
12,0.986666666667,0.26791952814,0.598957830113,0.261991107244,0.352511574074,1.34459459459,0.614391401452,9
12,0.00666666666667,-1.0,0.0,0.781790364583,0.781790364583,1.0,0.945833333333,2
12,0.993333333333,0.0293633679044,0.0551069671276,0.513225761853,0.581331380208,1.0,0.741713273676,6
12,0.986666666667,0.0654507263224,0.107176566498,0.0903091379551,0.320625,1.02027027027,0.350515084621,7
12,0.753333333333,0.0869043180379,0.265039751051,0.0617827967147,0.404459635417,1.0,0.353687315634,4
12,1.0,0.10944488974,0.207831064102,0.227256685041,0.228170572917,1.75333333333,0.547232784115,10
12,0.726666666667,0.0702419146529,0.102364620963,0.241333208323,0.339225260417,1.0,0.639691641182,8
12,0.746666666667,-1.0,0.290482272487,0.0932970715081,0.180238715278,1.01785714286,0.352253898635,3
12,0.806666666667,0.20669467789,0.139069327236,0.234603818085,0.182413194444,1.3305785124,0.583212560386,5
12,1.0,0.0491684695689,0.103974359523,0.35086331463,0.185277777778,1.12,0.619134424603,9
12,1.0,0.0776259914452,0.129037823331,0.102316033704,0.0712760416667,1.44,0.414602623457,3
12,0.0,-1.0,-1.0,0.0,0.0,0.0,0.0,2
12,0.0,-1.0,-1.0,0.0,0.0,0.0,0.0,1
12,0.86,-1.0,0.0653303939839,0.399881154412,0.15041015625,1.10852713178,0.661033411033,8
12,0.0,-1.0,-1.0,0.0,0.0,0.0,0.0,9
12,1.0,0.118668198175,0.046817093863,0.111074318797,0.134288194444,1.07333333333,0.384592822636,10
12,0.48,0.182417926563,0.188653857045,0.440101469686,0.594900173611,1.22222222222,0.862799873737,4
12,0.833333333333,0.285958687346,0.294015837158,0.451103197484,0.49212890625,1.016,0.925153105862,7
12,0.493333333333,-1.0,0.259409933314,0.199722356061,0.411311619718,1.25675675676,0.611424731183,5
12,0.513333333333,0.191862356101,0.28762074759,0.115160495963,0.312586805556,1.1038961039,0.378823529412,6
11,1.0,0.120128283644,0.361804889102,0.248790132656,0.349108796296,1.30666666667,0.54951814059,3
11,0.566666666667,-1.0,0.10078907254,0.514119471587,0.514893265845,1.0,0.921985294118,8
11,0.0,-1.0,-1.0,0.0,0.0,0.0,0.0,2
11,0.846666666667,0.0336132287279,0.0817256415109,0.647883612081,0.542713567839,1.0,0.0,9
11,0.706666666667,-1.0,0.0430626429259,0.548276108957,0.547694227431,1.0,0.879585953878,7
11,0.0133333333333,-1.0,0.0130961364174,0.0400523546007,0.0369791666667,1.0,0.284027777778,1
11,1.0,0.085020685954,0.138694308142,0.100386045839,0.1425,1.36666666667,0.378495934959,6
11,1.0,0.0471740225437,0.0411841081662,0.577968580858,0.625302530253,1.0,0.969504950495,4
11,1.0,0.129420286195,0.188378855937,0.222393958572,0.378564814815,1.06,0.549825296995,10
11,0.533333333333,0.329015195763,0.243685691105,0.109229701968,0.0283275462963,1.0,0.396111111111,5
11,0.993333333333,0.0487993064388,0.0265732775884,0.327577775509,0.290154079861,1.01342281879,0.695584988962,7
11,1.0,0.266651194415,0.268613588694,0.233189915387,0.232320601852,1.47333333333,0.529763700352,5
11,1.0,0.0785482206807,0.108433760042,0.691505055474,0.723170572917,1.05333333333,0.910689170183,6
11,1.0,0.053496365145,0.0305770885076,0.152224767844,0.021698943662,1.11333333333,0.449644461078,9
11,0.08,-1.0,0.0148455266156,0.00512996720679,0.00381944444444,1.0,0.0798611111111,3
11,0.0266666666667,-1.0,0.0804941558025,0.655246960277,0.549031690141,1.0,0.91953125,2
11,1.0,0.0560394091063,0.015625,0.221024681628,0.05326171875,1.11333333333,0.573968729208,8
11,0.52,-1.0,0.150269919343,0.326821291323,0.467022569444,1.14102564103,0.712468789014,4
11,0.326666666667,0.0490116342775,0.0746164317206,0.157753512397,0.232962962963,1.12244897959,0.568636363636,10
11,0.16,-1.0,0.133204871565,0.0113683328511,0.00375,1.0,0.107523148148,1
11,1.0,0.0392242939777,0.0260300900194,0.2859560031,0.258984375,1.13333333333,0.685196078431,9
11,1.0,0.046325565434,0.0561021827502,0.179783039641,0.179712456597,1.0,0.560453703704,2
11,0.566666666667,-1.0,0.10078907254,0.514119471587,0.514893265845,1.0,0.921985294118,10
11,0.993333333333,0.0262863093477,0.0102121119235,0.80854307602,0.743012152778,1.0,0.93970917226,6
11,0.606666666667,0.0958706408871,0.221281391223,0.0230859513454,0.024375,1.01098901099,0.164673913043,4
11,0.22,-1.0,0.0773454232287,0.0210578002245,0.0175381263617,1.0,0.166666666667,5
11,1.0,0.0337477419515,0.0585687317988,0.214720477788,0.297083333333,1.72,0.59517118863,1
11,0.96,-1.0,0.0931785972022,0.265411669291,0.296356336806,1.02083333333,0.77806122449,7
11,0.106666666667,0.0354595774644,0.11000315652,0.248731779876,0.244189814815,1.0,0.543098958333,3
11,0.333333333333,0.344256893102,0.42092702362,0.249983217022,0.17881773399,1.0,0.576699507389,8
11,1.0,0.0290418812236,0.045125866177,0.339546191726,0.36642578125,1.04666666667,0.627428343949,9
11,0.76,0.197097094237,0.333492998694,0.0118176022809,0.00753280839895,1.32456140351,0.150662251656,2
11,0.98,0.0235082318715,0.0378966651114,0.319317950926,0.271805555556,1.0,0.909863945578,4
11,1.0,0.0186551171902,0.0185374071782,0.16570587963,0.154189453125,1.0,0.704444444444,1
11,0.646666666667,-1.0,0.0155672640862,0.0113657351718,0.00938368055556,1.09278350515,0.153183962264,3
11,1.0,0.0191783762176,0.00479320753204,0.205725101562,0.220794270833,1.0,0.461833333333,6
11,0.493333333333,0.350494522945,0.436830245365,0.0317815402275,0.027890625,1.0,0.212355212355,5
11,0.966666666667,0.0575086649495,0.0314765222131,0.714380722436,0.702310231023,1.0,0.939808808467,7
11,0.413333333333,-1.0,0.207223897819,0.16407415445,0.232962962963,1.16129032258,0.557561728395,10
11,0.273333333333,-1.0,0.104448579463,0.227242445266,0.318062397373,1.0,0.599963955305,8
11,1.0,0.0177688399869,0.0146338823006,0.187662705006,0.205465494792,1.0,0.497675925926,4
11,0.98,0.0156363260237,0.0259699533416,0.33790012399,0.289143880208,1.0,0.928259637188,5
11,0.866666666667,0.123030650824,0.105821325236,0.0121487249279,0.00766294838145,1.38461538462,0.149891975309,2
11,0.466666666667,0.0207305841532,0.111099310354,0.0096173735119,0.00942491319444,1.0,0.137698412698,3
11,1.0,0.0798181310784,0.0820767528853,0.138936453103,0.116484375,1.01333333333,0.402168996711,8
11,1.0,0.0430721127957,0.0275210576294,0.19589349483,0.250859375,1.14666666667,0.610876937984,7
11,0.706666666667,0.114255970352,0.303399163673,0.0967753560923,0.469612630208,1.72641509434,0.444474802672,6
11,0.633333333333,-1.0,0.274649938201,0.259762699821,0.29087890625,1.0,0.645175438596,1
11,0.0733333333333,-1.0,0.0118666718685,0.381591387358,0.352013888889,1.0,0.931628787879,10
11,0.0533333333333,-1.0,0.146135536544,0.316867217433,0.53898467433,1.0,0.665277777778,9
14,1.0,0.166430545185,0.358458231238,0.018127783089,0.00157335069444,15.7333333333,0.250360758004,7
14,0.726666666667,0.255369736533,0.571645060037,0.0300293759434,0.0469173177083,1.84403669725,0.318110834715,8
14,0.993333333333,0.203337036398,0.306727550317,0.0169116043676,0.00743598090278,3.40939597315,0.221210629921,4
14,0.253333333333,-1.0,0.727266124349,0.00253728250712,0.0025,1.39473684211,0.0806603773585,6
14,0.52,0.0651467740275,0.225137550789,0.0203616560867,0.0162923177083,15.3974358974,0.280643445277,9
14,0.86,0.25785841271,0.0687640277496,0.0581875490216,0.0346875,1.21705426357,0.384447983015,5
14,1.0,0.0763369784325,0.104200551491,0.090112231065,0.195768229167,5.66666666667,0.395241830065,10
14,0.0,-1.0,-1.0,0.0,0.0,0.0,0.0,1
14,0.92,0.336438771526,0.372463126852,0.172641603617,0.153504774306,1.1231884058,0.724023297491,9
14,1.0,0.166430545185,0.358458231238,0.018127783089,0.00157335069444,15.7333333333,0.250360758004,8
14,1.0,0.00829188302621,0.0146585773804,0.0317280295139,0.0232465277778,1.0,0.295574074074,3
14,0.8,-1.0,0.24877922488,0.047063396207,0.00529405381944,2.14166666667,0.366515348033,4
14,0.32,0.0746518873461,0.152197445774,0.0196232658565,0.0162923177083,15.625,0.271994444444,6
14,0.0,-1.0,-1.0,0.0,0.0,0.0,0.0,7
14,0.233333333333,-1.0,0.0042392761969,0.105659823178,0.05484375,1.45714285714,0.449727668845,2
14,1.0,0.0376167720548,0.190026560929,0.075649265705,0.0628797743056,7.48666666667,0.37863485703,10
14,0.0,-1.0,-1.0,0.0,0.0,0.0,0.0,5
14,0.293333333333,0.0890258884422,0.203925890243,0.0162719044364,0.004296875,16.1136363636,0.239717520765,10
14,1.0,0.0981946965791,0.0467139723857,0.0694601690305,0.0272222222222,3.89333333333,0.481154870624,5
14,0.32,0.0746518873461,0.152197445774,0.0196232658565,0.0162923177083,15.625,0.271994444444,9
14,1.0,0.106454107392,0.0907130966809,0.40480239451,0.110255883963,1.04,0.700124643875,8
14,1.0,0.0751749057211,0.252885605913,0.0661407394685,0.00778645833333,4.65333333333,0.34650191022,6
14,0.626666666667,0.262597842329,0.517194959571,0.00811622000817,0.0297439236111,2.91489361702,0.17373783455,7
16,0.0,-1.0,-1.0,0.0,0.0,0.0,0.0,6
16,1.0,0.0511182232212,0.10717023873,0.0894319214595,0.0915082465278,4.81333333333,0.367855493998,10
16,0.08,0.0295079204671,0.00520833333333,0.0355635127315,0.0262109375,1.0,0.215740740741,2
16,0.0,-1.0,-1.0,0.0,0.0,0.0,0.0,5
16,0.0,-1.0,-1.0,0.0,0.0,0.0,0.0,1
16,0.113333333333,-1.0,0.0914168012534,0.0183336487168,0.00754557291667,1.0,0.223120915033,4
16,0.713333333333,0.0962270323926,0.105161912201,0.0145663531399,0.0124768518519,1.03738317757,0.12957957958,9
16,0.74,0.318615417721,0.357636571257,0.17653383016,0.222020399306,1.0,0.474111611612,8
16,0.106666666667,-1.0,0.299034744719,0.00410813926214,0.0207696759259,1.625,0.0720753205128,3
16,0.2,-1.0,0.31155721984,0.0296433770576,0.0218981481481,1.0,0.210347222222,7
16,0.906666666667,0.182825835192,0.298646840563,0.156904804504,0.09837890625,1.0,0.535243055556,8
16,1.0,0.0322179561224,0.0581377575647,0.0699203802893,0.0078515625,4.12666666667,0.351433764136,9
16,0.753333333333,0.140215467746,0.071284646114,0.0807659370459,0.176527777778,1.58407079646,0.361126629423,10
16,0.733333333333,0.0965496522858,0.173026794471,0.0112690908773,0.0165509259259,1.04545454545,0.116286231884,6
16,0.453333333333,-1.0,0.216777927274,0.0209546058007,0.0220659722222,1.0,0.172426470588,7
16,0.28,-1.0,0.316258264909,0.0453286179306,0.0173972800926,1.09523809524,0.262605676329,3
16,1.0,0.0592523153272,0.23001211891,0.0628626341581,0.0262391493056,4.01333333333,0.376670358066,5
16,0.0,-1.0,-1.0,0.0,0.0,0.0,0.0,4
16,0.0,-1.0,-1.0,0.0,0.0,0.0,0.0,1
16,0.18,-1.0,0.0435012771205,0.0216938474826,0.0182291666667,1.0,0.164609053498,9
16,1.0,0.0612111377007,0.0777777777778,0.0546063302129,0.0624537037037,1.00666666667,0.255104856512,6
16,0.0,-1.0,-1.0,0.0,0.0,0.0,0.0,8
16,0.906666666667,0.0629041290299,0.0776305728129,0.0948424263413,0.135078125,1.00735294118,0.388442822384,10
16,1.0,0.147818524945,0.164134431799,0.152904133488,0.202799479167,1.0,0.522898148148,7
16,0.0,-1.0,-1.0,0.0,0.0,0.0,0.0,2
16,0.72,0.103468150517,0.115907879897,0.220623582093,0.2100390625,1.08333333333,0.720607787274,10
16,0.786666666667,0.312417368095,0.113449780182,0.0866959860214,0.172986111111,1.70338983051,0.332462686567,9
16,0.913333333333,0.0751580597827,0.0692076187647,0.0219922254616,0.018876573618,1.02189781022,0.205489092189,4
16,1.0,0.0857576950554,0.174856643222,0.0460776475574,0.0883463541667,12.3333333333,0.269064564565,8
16,0.926666666667,0.085358081606,0.0921979618462,0.0129154353256,0.0170717592593,2.44604316547,0.114236111111,5
16,0.94,0.172318850309,0.284561917631,0.203636086702,0.196158854167,1.0,0.611101260835,7
16,0.94,-1.0,0.0889132995995,0.0190224055352,0.0223611111111,1.0,0.159810874704,6
16,0.366666666667,-1.0,0.121209901732,0.258496167564,0.2053125,1.01818181818,0.538355654762,7
16,1.0,0.0272556599481,0.0240719177498,0.25502941059,0.23392578125,1.0,0.608435185185,8
16,0.706666666667,0.240039129687,0.214056955778,0.165869814338,0.071181640625,1.42452830189,0.540866445916,10
16,0.913333333333,0.169378533905,0.294627825494,0.0156683939904,0.0105324074074,1.0,0.139765815085,9
16,1.0,0.0511182232212,0.10717023873,0.0894319214595,0.0915082465278,4.81333333333,0.367855493998,10
16,0.773333333333,0.195285017967,0.0603008148503,0.137194087507,0.0736458333333,2.0,0.431860632184,9
16,0.786666666667,0.0809915178885,0.0127403546234,0.00891744053031,0.00714969896004,1.08474576271,0.140124692118,7
16,0.433333333333,0.36503859713,0.424700897837,0.0222861549644,0.0204166666667,1.04615384615,0.170996732026,4
16,0.713333333333,0.0962270323926,0.105161912201,0.0145663531399,0.0124768518519,1.03738317757,0.12957957958,3
16,0.0133333333333,-1.0,0.0275600461958,0.426889105903,0.447374131944,1.0,0.952777777778,8
16,0.74,0.318615417721,0.357636571257,0.17653383016,0.222020399306,1.0,0.474111611612,6
16,0.2,-1.0,0.31155721984,0.0296433770576,0.0218981481481,1.0,0.210347222222,5
7,1.0,0.0699631520885,0.0168965625842,0.543581096995,0.665920138889,1.00666666667,0.810007358352,7
7,1.0,0.0428366975244,0.038828387958,0.326556844184,0.377229817708,1.0,0.877509259259,8
7,1.0,0.0573735223706,0.0302943262901,0.529804480567,0.596421107628,1.04,0.737446581197,10
7,0.166666666667,-1.0,0.00817310147212,0.0451885416667,0.0170920138889,1.0,0.216666666667,5
7,1.0,0.0356547966902,0.013148964472,0.0910822391408,0.046875,2.05333333333,0.338694703734,4
7,0.573333333333,0.0883657012826,0.0223196648333,0.328260508837,0.47494212963,1.81395348837,0.606303418803,1
7,0.0133333333333,-1.0,0.227849817643,0.0833129882812,0.0672222222222,1.0,0.364583333333,2
7,0.00666666666667,-1.0,0.0,0.252396918403,0.252396918403,1.0,0.856944444444,3
7,1.0,0.0591576663202,0.0448763733928,0.610567444444,0.777777777778,1.0,0.884666666667,9
7,0.566666666667,-1.0,0.228399669358,0.717371197376,0.902307942708,1.0,0.875196078431,6
7,0.18,-1.0,0.0839818515448,0.264352952834,0.228194444444,1.07407407407,0.535632183908,2
7,0.0933333333333,-1.0,0.334478826041,0.301356505761,0.642115885417,1.21428571429,0.593709150327,9
7,1.0,0.048949795238,0.0755295274047,0.537134135075,0.424616858238,1.01333333333,0.762240141891,10
7,0.753333333333,0.136153127377,0.0887925791862,0.111228718086,0.0847048611111,1.03539823009,0.392877492877,4
7,0.62,0.0392600561945,0.0310410889286,0.287583685547,0.233052300347,1.0752688172,0.64475,3
7,0.726666666667,-1.0,0.395223435168,0.591114169683,0.3543359375,1.03669724771,0.820612094395,5
7,1.0,0.0362759720277,0.0541917704693,0.347385062892,0.328567708333,1.26666666667,0.839926900585,1
7,1.0,0.0634176635345,0.0500771010481,0.592034194444,0.685154320988,1.0,0.868722222222,7
7,0.4,-1.0,0.0483724299091,0.0679813978909,0.0537905092593,1.0,0.323935185185,6
7,0.926666666667,0.0485644237614,0.0821675722083,0.56317933519,0.446238244514,1.02158273381,0.838360719875,8
6,0.7,-1.0,0.250426490475,0.63714591285,0.621064453125,1.00952380952,0.911932488208,4
6,0.593333333333,0.266276430513,0.0156837245223,0.0052278374566,0.00880859375,1.34831460674,0.074609375,1
6,0.36,0.686537973517,0.7314966082,0.0580431755992,0.270126953125,1.27777777778,0.270692431562,5
6,1.0,0.0377638828786,0.330655487655,0.00904537373928,0.0207877604167,2.14,0.113261509173,6
6,1.0,0.0427952035151,0.0804059389433,0.145344753542,0.17435546875,4.36,0.413158341828,7
6,0.0666666666667,0.0914175985925,0.473846554025,0.37422797309,0.012314453125,1.0,0.62734375,2
6,1.0,0.136175370815,0.192646699353,0.580685856597,0.243841145833,1.04666666667,0.809320262739,9
6,0.966666666667,0.17304985841,0.110240184783,0.228472533688,0.388763020833,1.35862068966,0.577241962775,10
6,0.826666666667,0.0860979679657,0.18359375,0.759529720628,0.560078125,1.0,0.87730734767,3
6,0.38,-1.0,0.145203667097,0.00666451059712,0.008271484375,1.70175438596,0.0887743413517,8
7,0.82,0.0444976985416,0.0975283885176,0.652895695832,0.588335503472,1.0406504065,0.849139404297,7
7,0.0,-1.0,-1.0,0.0,0.0,0.0,0.0,1
7,0.84,0.0549320257011,0.0408307349891,0.526029348253,0.592592592593,1.0,0.885229276896,5
7,0.0,-1.0,-1.0,0.0,0.0,0.0,0.0,2
7,0.0,-1.0,-1.0,0.0,0.0,0.0,0.0,3
7,0.98,0.107396689588,0.26038981343,0.106519951633,0.0425868055556,2.27210884354,0.326388888889,8
7,0.773333333333,-1.0,0.067608600426,0.432228964635,0.42451171875,1.0,0.883632662835,9
7,1.0,0.201060483834,0.217417679895,0.188069618414,0.216689814815,1.12666666667,0.625690335306,10
7,0.353333333333,-1.0,0.0632455532034,0.698545989083,0.849466666667,1.0,0.900691823899,4
7,0.986666666667,0.0852557114183,0.111674765256,0.0742615065988,0.0434993489583,1.59459459459,0.317243408663,6
6,0.0133333333333,-1.0,0.135944090017,0.660154320988,0.657613168724,1.0,0.813888888889,4
6,1.0,0.0244303261401,0.0485130459258,0.689634606421,0.906235894097,1.03333333333,0.837948028674,9
6,0.18,-1.0,0.117402323673,0.246944399791,0.012314453125,1.0,0.518209876543,2
6,1.0,0.0474288950427,0.0709814712526,0.0210437487734,0.0283268229167,3.27333333333,0.168915478615,3
6,1.0,0.0122526260619,0.0258186340442,0.00443247144826,0.00667317708333,3.92666666667,0.0750730994152,5
6,0.26,-1.0,0.0277777777778,0.230923750659,0.264108910891,1.0,0.976263010916,1
6,1.0,0.0674718941787,0.138239829972,0.00806329853655,0.00978515625,3.38,0.0948307034845,7
6,1.0,0.0684209948688,0.261292984481,0.0579255330368,0.0021875,5.06,0.288872419851,10
6,1.0,0.00645872217199,0.0015935381728,0.173253675878,0.172760416667,1.0,0.447509259259,8
6,0.48,-1.0,0.363919130837,0.0058548800349,0.0681998697917,1.29166666667,0.0765979689367,6
11,0.146666666667,0.0710053151267,0.0835327926183,0.0850074580577,0.0315451388889,1.04545454545,0.358695652174,5
11,0.593333333333,-1.0,0.11071520313,0.0519800708912,0.063154296875,1.01123595506,0.320648148148,10
11,0.0266666666667,-1.0,0.0240719177498,0.207028537326,0.228046875,1.0,0.634722222222,2
11,0.493333333333,-1.0,0.32712387694,0.0979217476852,0.0462239583333,1.01351351351,0.39962962963,3
11,0.0,-1.0,-1.0,0.0,0.0,0.0,0.0,1
11,0.126666666667,-1.0,0.22118602342,0.208027686404,0.394274088542,1.0,0.482383040936,7
11,0.206666666667,-1.0,0.151936208009,0.179619644675,0.296354166667,1.09677419355,0.511151960784,8
11,0.626666666667,-1.0,0.232631892515,0.0329075113126,0.00492947048611,1.85106382979,0.209195402299,6
11,0.44,0.380048799811,0.399510977128,0.432532549453,0.691771918403,1.15151515152,0.742854532164,9
11,0.446666666667,-1.0,0.224700804157,0.266228246111,0.315017361111,1.22388059701,0.567615176152,4
11,0.86,-1.0,0.343119065638,0.0243195742418,0.0228565179353,1.13953488372,0.250453514739,7
11,0.826666666667,-1.0,0.295298159639,0.0681409913982,0.0873611111111,1.25806451613,0.279246794872,1
11,0.46,0.148404675243,0.207116691256,0.270330891483,0.192788628472,1.0,0.767532206119,10
11,1.0,0.0697368217974,0.322530897507,0.218329784059,0.26359375,1.24666666667,0.486069518717,6
11,0.0733333333333,-1.0,0.0389060330823,0.00938081095041,0.00705186631944,1.0,0.131818181818,8
11,0.9,0.137702847473,0.226636139719,0.0246329867198,0.0323187934028,1.12592592593,0.180254020468,5
11,0.593333333333,0.138696925304,0.138409667074,0.0908685422739,0.0383847736626,1.07865168539,0.36412037037,2
11,1.0,0.129420286195,0.188378855937,0.222393958572,0.378564814815,1.06,0.549825296995,9
11,0.766666666667,-1.0,0.181557383563,0.420364791198,0.512361111111,1.35652173913,0.675560897436,3
11,0.986666666667,0.0419665619629,0.0801474335903,0.109930839487,0.093515625,1.11486486486,0.444335016835,4
11,0.98,-1.0,0.105174728615,0.318554964349,0.228565179353,1.0,0.608380574452,1
11,0.333333333333,0.220211326189,0.41949100643,0.0166041458333,0.00677083333333,1.0,0.1435,7
11,0.5,0.102336930799,0.168286400223,0.239961389648,0.2690625,1.01333333333,0.686442669173,9
11,1.0,0.046325565434,0.0561021827502,0.179783039641,0.179712456597,1.0,0.560453703704,5
11,0.466666666667,-1.0,0.0776724935349,0.470121691645,0.563276909722,1.0,0.752678571429,8
11,0.04,0.0122175506858,0.0263197600066,0.0359110653864,0.0376234567901,1.0,0.225925925926,2
11,0.173333333333,0.0727238262198,0.152170510276,0.0304516970743,0.0331770833333,1.0,0.192067307692,10
11,1.0,0.0366220571522,0.00956122903682,0.285334689172,0.338687065972,1.97333333333,0.706451764264,6
11,1.0,0.030829627479,0.0236111111111,0.118137140143,0.123036024306,1.0,0.529046296296,4
11,1.0,0.0282103617902,0.0194058474193,0.107063798863,0.123460286458,1.66,0.332502231147,3
11,0.76,0.197097094237,0.333492998694,0.0118176022809,0.00753280839895,1.32456140351,0.150662251656,1
11,1.0,0.0650049213608,0.227748399613,0.167069501736,0.212886284722,1.0,0.588111111111,9
11,0.98,0.0235082318715,0.0378966651114,0.319317950926,0.271805555556,1.0,0.909863945578,6
11,0.34,-1.0,0.466803572015,0.065483467897,0.191603009259,1.0,0.283823529412,5
11,0.553333333333,0.0636238712963,0.0461688059405,0.314681929693,0.318194444444,1.0,0.733969210174,8
11,0.46,0.148404675243,0.207116691256,0.270330891483,0.192788628472,1.0,0.767532206119,10
11,1.0,0.0476898443835,0.0593478353227,0.214638754061,0.248434244792,1.00666666667,0.55189477557,4
11,0.493333333333,0.350494522945,0.436830245365,0.0317815402275,0.027890625,1.0,0.212355212355,2
11,0.72,0.130347781643,0.0911205322026,0.37497901306,0.309340277778,1.0,0.782407407407,7
11,1.0,0.0356346033154,0.218258531487,0.138249254693,0.133642578125,1.97333333333,0.575211148649,3
11,0.866666666667,0.123030650824,0.105821325236,0.0121487249279,0.00766294838145,1.38461538462,0.149891975309,3
11,0.98,-1.0,0.324191777567,0.0699894216973,0.0785416666667,1.31972789116,0.267912371134,1
11,1.0,0.0650049213608,0.227748399613,0.167069501736,0.212886284722,1.0,0.588111111111,6
11,0.98,0.0156363260237,0.0259699533416,0.33790012399,0.289143880208,1.0,0.928259637188,10
11,1.0,0.0798181310784,0.0820767528853,0.138936453103,0.116484375,1.01333333333,0.402168996711,9
11,1.0,0.0177688399869,0.0146338823006,0.187662705006,0.205465494792,1.0,0.497675925926,7
11,0.633333333333,0.0653862709197,0.0481263809777,0.37485666634,0.28875,1.17894736842,0.801686507937,5
11,0.346666666667,0.176142236645,0.204134776421,0.025162242494,0.0183680555556,1.0,0.163782051282,8
11,0.48,0.0889186801325,0.0923663731401,0.240134056939,0.413623046875,1.22222222222,0.52373046875,2
11,1.0,0.0680950572127,0.117177372248,0.144901295561,0.1454296875,1.75333333333,0.541423743135,4
2,0.946666666667,0.0573374404042,0.0704112924786,0.0770524663794,0.056005859375,1.0,0.285480853873,10
2,0.993333333333,0.168098789709,0.252221036769,0.272388067411,0.411226851852,1.14765100671,0.570638401559,6
2,1.0,0.187102697678,0.355657647629,0.0323189959965,0.00179036458333,1.51333333333,0.207623592756,7
2,0.373333333333,-1.0,0.0212347397207,0.0558860502005,0.06591796875,1.0,0.270213293651,4
2,0.36,0.0260005397305,0.205076264873,0.0650485993798,0.06828125,7.44444444444,0.360364842454,8
2,0.326666666667,-1.0,0.236292375784,0.0505902738715,0.030078125,1.02040816327,0.264805555556,5
2,0.566666666667,0.187525684892,0.219655313594,0.0968533285028,0.107123842593,1.03529411765,0.354308712121,9
2,0.746666666667,0.0356076054981,0.0570301269338,0.0582613852019,0.0366883680556,1.0,0.257463727679,10
2,1.0,0.156724527452,0.22669542982,0.238737210012,0.216967592593,1.04666666667,0.534753184713,5
2,0.386666666667,-1.0,0.0673649143399,0.0874864288907,0.15189453125,1.0,0.350909961686,8
2,1.0,0.0721521923352,0.0197398200049,0.0372872353047,0.0754231770833,1.46,0.233009893455,1
2,1.0,0.0612706374794,0.0715577425942,0.0696309734891,0.100883246528,7.70666666667,0.359892829681,4
2,0.4,0.0958786953825,0.185140764348,0.137271288485,0.078203125,1.1,0.391098484848,6
2,1.0,0.0453458193862,0.0657351941717,0.0456254909336,0.0315158420139,1.0,0.232037037037,3
2,1.0,0.0202725530392,0.0368055555556,0.206548597534,0.165283564815,1.61333333333,0.516471533517,7
2,0.613333333333,-1.0,0.0650001483854,0.0677126613041,0.0455902777778,1.0,0.278079710145,9
2,0.98,0.247338924471,0.281857104207,0.0723922228888,0.0373307291667,1.81632653061,0.374729504786,2
2,0.686666666667,0.0743151761611,0.116770089947,0.0400315638713,0.0308919270833,1.0,0.239050701187,8
2,0.966666666667,0.0387252721894,0.100154202096,0.25787912037,0.18046875,1.03448275862,0.5275,6
2,0.44,-1.0,0.0188149915294,0.0523038051961,0.058125,1.0,0.259827441077,7
2,1.0,0.0373618044609,0.525009300513,0.0562215651723,0.103564453125,7.32666666667,0.329751794561,10
2,0.0,-1.0,-1.0,0.0,0.0,0.0,0.0,1
2,0.606666666667,-1.0,0.0471110312663,0.059536342659,0.0272265625,1.0,0.256028693529,3
2,1.0,0.0434441584408,0.0219602615289,0.0324842161602,0.00322265625,1.58,0.214767932489,4
2,0.926666666667,-1.0,0.0454669734178,0.0352276115259,0.0323871527778,1.0,0.193495203837,9
2,1.0,0.0306561247536,0.0344122448341,0.13357287409,0.144166666667,1.04666666667,0.506687898089,5
2,0.0,-1.0,-1.0,0.0,0.0,0.0,0.0,2
2,0.98,0.0618367056306,0.110945276907,0.0675809645889,0.0677083333333,1.0,0.294292091837,9
2,0.606666666667,0.0398535790517,0.0748334377319,0.058135529799,0.0431640625,1.0,0.245375457875,5
2,0.886666666667,0.162479232009,0.467181532282,0.0130968715724,0.00328125,1.24060150376,0.136750841751,4
2,1.0,0.0176540030633,0.0458932196354,0.0532007644778,0.0611892361111,7.52666666667,0.311658547387,3
2,1.0,0.0736370242449,0.0979813262302,0.128033254675,0.078203125,1.18,0.387336687853,6
2,0.386666666667,-1.0,0.0673649143399,0.0874864288907,0.15189453125,1.0,0.350909961686,7
2,0.106666666667,0.0466300584215,0.19923295232,0.0320613015427,0.00562391493056,1.0625,0.182679738562,8
2,0.853333333333,0.0622093364356,0.03344887383,0.0768980780063,0.0771643518519,1.0234375,0.32171331637,10
11,0.573333333333,0.0745334378565,0.148665557426,0.254260664683,0.118993055556,1.22093023256,0.66746031746,1
11,0.36,-1.0,0.261492280978,0.0207110785203,0.00935112847222,1.07407407407,0.266618773946,7
11,0.993333333333,0.293966339588,0.37734518777,0.147994082085,0.08544921875,1.54362416107,0.452016908213,5
11,0.166666666667,-1.0,0.150633653293,0.118993763865,0.0835546875,1.44,0.503510802469,2
11,0.24,0.118571437777,0.215785970511,0.188698924854,0.0871875,1.02777777778,0.498648648649,10
11,0.946666666667,0.136038445516,0.24849960886,0.329729244693,0.586751302083,1.51408450704,0.644534883721,4
11,0.493333333333,-1.0,0.32712387694,0.0979217476852,0.0462239583333,1.01351351351,0.39962962963,8
11,0.133333333333,0.158138027706,0.336303648356,0.0605363036304,0.0582233223322,1.0,0.273267326733,9
11,0.166666666667,-1.0,0.177150233312,0.165645415381,0.0359266493056,1.08,0.575462962963,3
11,0.00666666666667,-1.0,0.0,0.03603515625,0.03603515625,1.0,0.225,6
11,0.586666666667,0.150483933114,0.307925282497,0.0374586625409,0.0425217013889,1.21590909091,0.276687435099,8
11,0.393333333333,0.153725541864,0.235857259882,0.0842912420287,0.196597222222,1.16949152542,0.435305958132,6
11,0.0266666666667,-1.0,0.203405718447,0.0662116156684,0.0254893663194,1.0,0.380902777778,10
11,0.86,0.167229232016,0.147770798087,0.270350900006,0.217815755208,1.41085271318,0.596947496947,9
11,0.16,0.0123461407273,0.514990358246,0.0683844426109,0.111386138614,1.0,0.319719471947,5
11,0.52,0.115564766451,0.151385006481,0.102828095703,0.1105859375,1.28205128205,0.459791666667,7
11,0.833333333333,0.0925199274372,0.0833919064984,0.479767108523,0.357899305556,1.088,0.833129084967,3
11,0.233333333333,0.060967379892,0.0446838711511,0.0217936197917,0.0367534722222,1.05714285714,0.270833333333,10
11,0.206666666667,0.0870210546393,0.572549229816,0.165838605967,0.53625,1.45161290323,0.614691358025,6
11,0.853333333333,0.122941103523,0.0341974229229,0.287764102555,0.82642578125,1.59375,0.590461601307,7
11,0.0133333333333,-1.0,0.00078125,0.0205485026042,0.0200737847222,1.0,0.260416666667,1
11,0.32,0.263888425869,0.287501887071,0.0266030658198,0.0084375,1.125,0.232818930041,5
11,0.566666666667,0.0703140671964,0.105740426558,0.278809832747,0.391875,1.04705882353,0.628558052434,2
11,0.52,0.149934674234,0.119660285492,0.13472839417,0.103860677083,1.07692307692,0.517080026455,4
11,0.906666666667,0.170435760787,0.428210608964,0.120300823579,0.125200737847,1.74264705882,0.503357946554,8
11,0.5,-1.0,0.149838986732,0.0130115509259,0.0184375,1.0,0.192407407407,9
2,1.0,0.0427364517073,0.0930881466981,0.421157937165,0.496264367816,1.94,0.67759382459,8
2,0.606666666667,0.0398535790517,0.0748334377319,0.058135529799,0.0431640625,1.0,0.245375457875,5
2,1.0,0.115240290089,0.18536334023,0.0470020548042,0.00424587673611,1.88,0.26329787234,9
2,0.786666666667,-1.0,0.0418110922875,0.119499878383,0.10625,1.00847457627,0.364005602241,3
2,1.0,0.0486236472453,0.0606413074073,0.266018226273,0.2719921875,1.0,0.820648148148,7
2,1.0,0.0835336080918,0.0693471540712,0.297516291211,0.37890625,1.09333333333,0.699881436314,4
2,1.0,0.0830043014355,0.0625002411261,0.295636921748,0.2946875,1.84,0.806033615137,10
2,1.0,0.0176540030633,0.0458932196354,0.0532007644778,0.0611892361111,7.52666666667,0.311658547387,6
2,0.386666666667,-1.0,0.0673649143399,0.0874864288907,0.15189453125,1.0,0.350909961686,2
2,0.106666666667,0.0466300584215,0.19923295232,0.0320613015427,0.00562391493056,1.0625,0.182679738562,1
12,1.0,0.0885417290964,0.152951906174,0.19996626759,0.108072916667,1.31333333333,0.542153130288,10
12,0.726666666667,-1.0,0.251620199009,0.0720508704437,0.212195095486,1.22935779817,0.424067164179,4
12,0.0,-1.0,-1.0,0.0,0.0,0.0,0.0,1
12,0.853333333333,-1.0,0.252133606194,0.140549759656,0.0892664930556,1.046875,0.396641791045,7
12,0.606666666667,0.382409872707,0.59327872785,0.0783959297755,0.0724305555556,1.17582417582,0.351713395639,8
12,0.0,-1.0,-1.0,0.0,0.0,0.0,0.0,5
12,0.626666666667,0.141603251338,0.34069578209,0.354105981958,0.167239583333,1.3085106383,0.682046070461,9
12,0.0,-1.0,-1.0,0.0,0.0,0.0,0.0,2
12,0.98,0.0343398292993,0.0673078993185,0.0345852151801,0.0358311631944,1.1156462585,0.231258468835,6
12,0.0,-1.0,-1.0,0.0,0.0,0.0,0.0,3
2,1.0,0.0323886643189,0.0956360965803,0.459898747114,0.460823754789,1.06,0.728537348576,4
2,1.0,0.018402366407,0.0,0.331812743827,0.258721064815,1.0,0.588407407407,3
2,0.44,-1.0,0.0188149915294,0.0523038051961,0.058125,1.0,0.259827441077,6
2,1.0,0.086354341964,0.191614135817,0.0187094269841,0.0197406684028,3.13333333333,0.161261820331,5
2,1.0,0.05016354334,0.0899943802365,0.316569973326,0.30619140625,1.00666666667,0.702777777778,7
2,1.0,0.0421151379316,0.0875557857883,0.328625655093,0.353776041667,1.0,0.757111111111,8
2,0.873333333333,0.190609549462,0.0863376276996,0.0300458625744,0.0142361111111,1.72519083969,0.188741396264,1
2,0.42,0.0988628873438,0.0826053725946,0.395930475659,0.460354817708,1.01587301587,0.786675347222,9
2,1.0,0.0278168511531,0.0253898015271,0.0442723324948,0.0030612244898,1.24666666667,0.211571598336,2
2,0.933333333333,0.0222395186235,0.0225694444444,0.166110538903,0.163700810185,1.0,0.523035714286,10
2,0.9,0.0610675771444,0.0865775216637,0.315624733091,0.398883463542,1.05185185185,0.928794992175,7
2,1.0,0.187102697678,0.355657647629,0.0323189959965,0.00179036458333,1.51333333333,0.207623592756,9
2,1.0,0.103565517781,0.177431574796,0.613240279066,0.546678240741,1.02666666667,0.87886002886,10
2,0.906666666667,0.0945448257642,0.217759275451,0.205741548755,0.136961805556,1.0,0.739195261438,8
2,0.606666666667,-1.0,0.209867686055,0.111759677686,0.636263020833,1.73626373626,0.410443037975,1
2,0.173333333333,-1.0,0.431651350088,0.0509070561253,0.117799479167,1.11538461538,0.262308429119,2
2,1.0,0.039700908997,0.0541550496134,0.442653075946,0.421516927083,1.01333333333,0.945321637427,6
2,0.373333333333,-1.0,0.0212347397207,0.0558860502005,0.06591796875,1.0,0.270213293651,5
2,1.0,0.0887464446038,0.154531663499,0.256377943711,0.256493055556,1.03333333333,0.837786738351,4
2,1.0,0.0713480787713,0.0480144154165,0.0614260720741,0.0622427983539,1.02666666667,0.353336940837,3
2,0.806666666667,0.21286699242,0.314650777661,0.300204763455,0.371318359375,1.57024793388,0.726805555556,2
2,1.0,0.0804142289209,0.123698860864,0.0216376505781,0.0319444444444,1.94666666667,0.169958143075,4
2,0.493333333333,0.0496447172675,0.226374659387,0.111199126174,0.0611349826389,1.0,0.362312312312,10
2,1.0,0.0714151480748,0.190855887072,0.0201803246287,0.00936631944444,6.98,0.159334872121,5
2,1.0,0.0198921385261,0.00208333333333,0.333704640432,0.431678240741,1.0,0.590018518519,1
2,1.0,0.0400991377167,0.0461688059405,0.232522373731,0.0196701388889,1.32,0.651669472503,8
2,0.553333333333,0.0683197601961,0.109650914109,0.325527657482,0.315079210069,1.0843373494,0.796820987654,7
2,1.0,0.0426049461659,0.122700474158,0.0187770880704,0.0636241319444,1.67333333333,0.203945329792,9
2,1.0,0.122605457821,0.228064063871,0.0535933187162,0.0176587301587,2.96666666667,0.258689138577,3
2,0.306666666667,-1.0,0.309869328543,0.274844871804,0.261204427083,1.04347826087,0.587532552083,6
2,1.0,0.0520979059738,0.113877276731,0.298460701678,0.257490234375,1.0,0.826546296296,8
2,0.0,-1.0,-1.0,0.0,0.0,0.0,0.0,5
2,0.193333333333,-1.0,0.449414518869,0.169714706308,0.0474066840278,1.03448275862,0.499296875,7
2,0.506666666667,0.18490463502,0.168981345228,0.137576443293,0.0727701822917,1.0,0.452448830409,9
2,1.0,0.0252161089207,0.0419262745781,0.0799724406712,0.0600911458333,1.04666666667,0.297638004246,10
2,0.0,-1.0,-1.0,0.0,0.0,0.0,0.0,6
2,1.0,0.0373618044609,0.525009300513,0.0562215651723,0.103564453125,7.32666666667,0.329751794561,7
2,0.0,-1.0,-1.0,0.0,0.0,0.0,0.0,1
2,0.366666666667,-1.0,0.690244891473,0.0202802522366,0.02125,1.07272727273,0.209367433414,6
2,0.0733333333333,0.0905023294854,0.344275167018,0.229193589952,0.0400336371528,1.09090909091,0.710763888889,4
2,1.0,0.05016354334,0.0899943802365,0.316569973326,0.30619140625,1.00666666667,0.702777777778,8
2,0.92,0.243791305697,0.114830877386,0.0297602453311,0.0301822916667,1.27536231884,0.200816761364,3
2,0.926666666667,0.0777731404381,0.0836975277423,0.143829567641,0.0657052951389,1.0,0.456185051958,9
2,0.533333333333,-1.0,0.0368137438481,0.0916090576172,0.0996875,1.0,0.316875,10
2,0.546666666667,0.0697585439467,0.653504323807,0.0757539848148,0.00802083333333,1.01219512195,0.289231927711,5
2,0.0,-1.0,-1.0,0.0,0.0,0.0,0.0,2
2,0.126666666667,-1.0,0.0330135120111,0.265089282279,0.245972222222,1.0,0.652923976608,3
2,1.0,0.0569513424097,0.0587988309183,0.292202613974,0.389748263889,1.00666666667,0.592678440029,7
2,0.0,-1.0,-1.0,0.0,0.0,0.0,0.0,2
2,0.28,-1.0,0.0882636140277,0.0847687637623,0.157332589286,1.02380952381,0.412686877076,4
2,0.793333333333,0.403392333602,0.3592667206,0.138207300834,0.20453125,1.01680672269,0.538628984652,9
2,0.333333333333,-1.0,0.231598588722,0.338802351993,0.303157552083,1.02,0.73779956427,6
2,0.813333333333,0.0567544324883,0.0904102676974,0.551893507502,0.183810763889,1.00819672131,0.792908762421,5
2,0.966666666667,0.0624753971286,0.142995811587,0.172734248043,0.137838541667,1.0,0.441109913793,10
2,0.233333333333,-1.0,0.00625,0.0842628826531,0.0790625,1.0,0.310238095238,8
2,0.0,-1.0,-1.0,0.0,0.0,0.0,0.0,1
2,0.413333333333,0.0798442008625,0.102292198519,0.206131100009,0.258588324653,1.01612903226,0.714880952381,5
2,0.626666666667,0.061349351235,0.272450145224,0.0213870401786,0.00883928571429,1.06382978723,0.192589285714,7
2,0.813333333333,0.282746663384,0.213248980188,0.133901383156,0.0920647321429,1.01639344262,0.503564228111,8
2,0.413333333333,0.0638413353484,0.121288982901,0.0896814638072,0.107302517361,1.0,0.467002688172,9
2,0.42,0.018832101898,0.0169571047876,0.0895021015737,0.0790625,1.0,0.306812169312,10
2,0.786666666667,0.0425783967109,0.0300542847339,0.0756164291298,0.0882291666667,1.02542372881,0.321602387511,6
2,0.0266666666667,-1.0,0.313904444366,0.0529174804688,0.115295138889,1.0,0.295138888889,3
2,0.0,-1.0,-1.0,0.0,0.0,0.0,0.0,4
2,1.0,0.0486236472453,0.0606413074073,0.266018226273,0.2719921875,1.0,0.820648148148,9
2,0.0,-1.0,-1.0,0.0,0.0,0.0,0.0,1
2,0.0,-1.0,-1.0,0.0,0.0,0.0,0.0,6
2,0.92,0.18000119184,0.134466182874,0.120605123567,0.0391741071429,1.0,0.438535196687,7
2,0.313333333333,-1.0,0.162523739956,0.117435226414,0.110915798611,1.0,0.381565824468,10
2,0.34,-1.0,0.5483511339,0.026985168457,0.0171875,1.25490196078,0.2197265625,2
2,0.853333333333,0.0622093364356,0.03344887383,0.0768980780063,0.0771643518519,1.0234375,0.32171331637,8
2,0.0,-1.0,-1.0,0.0,0.0,0.0,0.0,5
6,0.5,0.275982932858,0.252024275322,0.0125534429125,0.00229709201389,1.61333333333,0.118836088154,5
6,0.36,0.686537973517,0.7314966082,0.0580431755992,0.270126953125,1.27777777778,0.270692431562,3
6,1.0,0.0947309858863,0.231974606764,0.00730613594183,0.0103298611111,3.14,0.0917344892663,8
6,1.0,0.201002917081,0.362064307283,0.0659744963738,0.0783604600694,2.24,0.300301752646,1
6,1.0,0.0930210305508,0.134955143011,0.00637099713251,0.00279513888889,2.38,0.0990234982882,4
6,0.993333333333,0.134569186414,0.235258766516,0.265090908186,0.13787109375,2.06040268456,0.522756062251,7
6,1.0,0.0122526260619,0.0258186340442,0.00443247144826,0.00667317708333,3.92666666667,0.0750730994152,6
6,0.326666666667,0.113221778947,0.246213013674,0.118346029974,0.0313411458333,1.42857142857,0.410952380952,2
6,1.0,0.0677815835037,0.0122675630743,0.0563701906912,0.00316297743056,4.93333333333,0.28169481982,10
6,1.0,0.142341978344,0.658002653202,0.0217099907747,0.00585286458333,3.9,0.172889363723,9
6,0.16,0.211406605482,0.261165950418,0.0307628833912,0.0251888020833,1.25,0.204305555556,1
6,0.36,0.686537973517,0.7314966082,0.0580431755992,0.270126953125,1.27777777778,0.270692431562,9
6,0.893333333333,0.373891552611,0.745022955419,0.0551576046416,0.11109375,1.81343283582,0.280298353909,5
6,0.866666666667,0.148515182205,0.0933208170577,0.0107648448316,0.00553385416667,1.81538461538,0.105943973635,7
6,0.633333333333,-1.0,0.125646956192,0.010131851167,0.0197374131944,3.45263157895,0.110573340108,6
6,1.0,0.175863894551,0.423928339567,0.0834105050755,0.0439095052083,3.38666666667,0.329705271216,4
6,0.906666666667,0.16791656905,0.222863417994,0.0430466777661,0.0264705882353,1.58088235294,0.336342909257,8
6,0.4,-1.0,0.375287162186,0.0973189417521,0.000859375,1.06666666667,0.429730902778,2
6,0.373333333333,0.0981705532585,0.074304135825,0.039777724791,0.00177300347222,4.75,0.234179197995,10
6,0.693333333333,0.341360063473,0.836919367548,0.0901193429199,0.0116134982639,1.55769230769,0.396081961591,3
6,0.7,-1.0,0.345350510798,0.0289597975704,0.00409505208333,1.62857142857,0.178714364035,2
6,0.993333333333,0.162793399509,0.708210858829,0.0254453010933,0.0250596788194,2.69127516779,0.179329454142,3
6,0.866666666667,0.154343548227,0.119794214194,0.0106913829336,0.00176215277778,1.72307692308,0.104854910714,10
6,1.0,0.26567501229,0.448609641394,0.0216575020679,0.0312890625,2.44,0.182783090468,4
6,0.453333333333,-1.0,0.649900666822,0.0794215390366,0.00575520833333,1.51470588235,0.289428263215,5
6,1.0,0.00337760109891,0.0015625,0.0153424403464,0.0169270833333,1.14666666667,0.14453125,1
6,0.973333333333,0.102454949203,0.121923988305,0.0532694856661,0.00177300347222,5.02739726027,0.276123978202,8
6,0.98,0.00997902704477,0.00956122903682,0.0267372600841,0.0280729166667,1.1156462585,0.206470189702,7
6,0.913333333333,0.144780653461,0.0677023234512,0.0170988151762,0.0469270833333,1.86861313869,0.153732638889,6
6,1.0,0.0970012172456,0.146907651061,0.0414140530301,0.0139778645833,5.86,0.24563266338,9
6,0.686666666667,-1.0,0.69377224411,0.0120463917382,0.00486979166667,1.67961165049,0.110007225434,7
6,0.826666666667,0.114438505892,0.398843331506,0.0230430034922,0.0675325520833,2.0564516129,0.164204793028,6
6,1.0,0.0674718941787,0.138239829972,0.00806329853655,0.00978515625,3.38,0.0948307034845,8
6,1.0,0.383516785899,0.851989536431,0.0204873384192,0.03017578125,3.34,0.172651918385,2
6,1.0,0.0474288950427,0.0709814712526,0.0210437487734,0.0283268229167,3.27333333333,0.168915478615,9
6,1.0,0.0402446947429,0.092567777346,0.0956036667664,0.0891145833333,1.01333333333,0.367130962171,1
6,1.0,0.0122526260619,0.0258186340442,0.00443247144826,0.00667317708333,3.92666666667,0.0750730994152,4
6,0.833333333333,-1.0,0.530965515071,0.0358558849609,0.019765625,1.648,0.225128101402,3
6,1.0,0.0684209948688,0.261292984481,0.0579255330368,0.0021875,5.06,0.288872419851,10
6,0.48,-1.0,0.363919130837,0.0058548800349,0.0681998697917,1.29166666667,0.0765979689367,5
6,0.573333333333,-1.0,0.230305085485,0.0270854435807,0.00592122395833,1.20930232558,0.171311598558,3
6,0.84,0.190147240042,0.578462218134,0.0787486362549,0.07349609375,1.48412698413,0.338814616756,4
6,0.386666666667,-1.0,0.335210923373,0.0920093531079,0.0959212239583,1.10344827586,0.329058159722,6
6,0.326666666667,0.113221778947,0.246213013674,0.118346029974,0.0313411458333,1.42857142857,0.410952380952,5
6,0.173333333333,0.128461755249,0.189983869219,0.0316348562478,0.00177300347222,4.38461538462,0.201376705653,9
6,0.993333333333,0.20419373411,0.331354805223,0.0225113608427,0.0171354166667,1.92617449664,0.16816686024,10
6,0.266666666667,0.162310940767,0.166461462215,0.015577498071,0.00942491319444,1.425,0.143104288499,8
6,0.906666666667,0.400634726202,0.729831067181,0.0253860074453,0.00670030381944,3.01470588235,0.189085365854,7
6,0.986666666667,0.141288840572,0.5,0.0601455032129,0.0558168316832,1.91216216216,0.436658153448,2
6,1.0,0.0987507360487,0.761592824547,0.0439331826995,0.00900065104167,5.54,0.269646677363,1
12,0.0,-1.0,-1.0,0.0,0.0,0.0,0.0,1
12,0.92,0.20683017747,0.139897191751,0.27350483763,0.0824913194444,1.58695652174,0.625057077626,10
12,0.233333333333,-1.0,0.151626024774,0.267626795163,0.415555555556,1.0,0.602698412698,2
12,0.0,-1.0,-1.0,0.0,0.0,0.0,0.0,3
12,0.38,-1.0,0.15695759916,0.0904258708876,0.0840277777778,1.0,0.535769980507,8
12,0.28,-1.0,0.152197445774,0.0744031866882,0.142164351852,1.14285714286,0.337384259259,7
12,0.0,-1.0,-1.0,0.0,0.0,0.0,0.0,4
12,0.626666666667,0.141603251338,0.34069578209,0.354105981958,0.167239583333,1.3085106383,0.682046070461,9
12,0.0,-1.0,-1.0,0.0,0.0,0.0,0.0,5
12,0.966666666667,0.178181134488,0.30005143592,0.0379436606452,0.0433127170139,1.00689655172,0.236900684932,6
12,1.0,0.0776259914452,0.129037823331,0.102316033704,0.0712760416667,1.44,0.414602623457,10
12,0.613333333333,-1.0,0.178860588073,0.0537374696455,0.0021875,1.28260869565,0.312594161959,2
12,0.0,-1.0,-1.0,0.0,0.0,0.0,0.0,3
12,0.0,-1.0,-1.0,0.0,0.0,0.0,0.0,1
12,0.0,-1.0,-1.0,0.0,0.0,0.0,0.0,4
12,0.0133333333333,-1.0,0.00679139062294,0.393167317708,0.399880642361,1.0,0.935416666667,7
12,0.866666666667,0.0564064863328,0.125246563609,0.352370035194,0.351334422658,1.0,0.776666666667,9
12,0.00666666666667,-1.0,0.0,0.0469097222222,0.0469097222222,1.0,0.311111111111,6
12,0.96,0.0488372340811,0.0288555037128,0.0456393488166,0.0407063802083,1.01388888889,0.260064687976,5
12,0.153333333333,-1.0,0.0876600735561,0.104539489554,0.128718532986,1.0,0.449094202899,8
14,1.0,0.0363835269365,0.0576504574443,0.329770385167,0.350317925347,1.47333333333,0.804725992961,3
14,1.0,0.104620310526,0.355414638145,0.016683696137,0.00938042534722,15.7733333333,0.244402179018,10
14,0.0,-1.0,-1.0,0.0,0.0,0.0,0.0,1
14,0.78,0.00684178777305,0.0078125,0.0265620386731,0.0297916666667,1.0,0.287630579297,4
14,0.8,0.137488397276,0.255393215345,0.0370642012528,0.00774739583333,3.44166666667,0.348796072101,5
14,0.32,0.0746518873461,0.152197445774,0.0196232658565,0.0162923177083,15.625,0.271994444444,9
14,0.986666666667,0.0802306153711,0.157997936155,0.481500147014,0.445881226054,1.11486486486,0.722525252525,8
14,0.0,-1.0,-1.0,0.0,0.0,0.0,0.0,2
14,1.0,0.0608520764131,0.0794632677899,0.0782151455719,0.0110416666667,1.89333333333,0.400704225352,7
14,0.0,-1.0,-1.0,0.0,0.0,0.0,0.0,6
14,0.62,0.372396476872,0.643324827242,0.0593204289465,0.00143229166667,1.32258064516,0.380284552846,3
14,1.0,0.235986578086,0.785642402545,0.0178005779192,0.0259244791667,15.76,0.248901931754,9
14,1.0,0.103650275196,0.193093665834,0.0666027130872,0.0313888888889,4.03333333333,0.480493572084,8
14,0.32,0.0746518873461,0.152197445774,0.0196232658565,0.0162923177083,15.625,0.271994444444,6
14,0.973333333333,0.133807342203,0.0425710736176,0.178215575872,0.0799261083744,1.30821917808,0.457251179945,7
14,0.906666666667,0.200338748147,0.480194281361,0.00635130311646,0.0221158854167,1.82352941176,0.144052419355,4
14,1.0,0.0689905323669,0.00078125,0.141838327707,0.0227973090278,2.34,0.53324232352,10
14,0.993333333333,0.327159846539,0.159176396015,0.00466370698506,0.002470703125,4.87919463087,0.129606067553,5
6,0.413333333333,-1.0,0.357861490611,0.539075010148,0.617572699653,1.01612903226,0.875992063492,4
6,1.0,0.0947309858863,0.231974606764,0.00730613594183,0.0103298611111,3.14,0.0917344892663,6
6,0.853333333333,-1.0,0.0259117127872,0.642946015464,0.755347222222,1.0,0.831750488281,10
6,1.0,0.201002917081,0.362064307283,0.0659744963738,0.0783604600694,2.24,0.300301752646,5
6,0.0,-1.0,-1.0,0.0,0.0,0.0,0.0,1
6,1.0,0.0677815835037,0.0122675630743,0.0563701906912,0.00316297743056,4.93333333333,0.28169481982,7
6,0.0,-1.0,-1.0,0.0,0.0,0.0,0.0,3
6,1.0,0.156642263456,0.11274116945,0.462322964242,0.74291015625,1.11333333333,0.730309693114,9
6,0.0,-1.0,-1.0,0.0,0.0,0.0,0.0,2
6,0.0,-1.0,-1.0,0.0,0.0,0.0,0.0,8
6,1.0,0.0405949211623,0.132959477497,0.529848043117,0.961748046875,1.09333333333,0.75077648628,10
6,0.653333333333,-1.0,0.249315484197,0.00455218487316,0.00205078125,1.30612244898,0.0684387207031,1
6,1.0,0.0245628612876,0.0149267699497,0.619192652169,0.906235894097,1.18666666667,0.817055828652,9
6,0.0266666666667,-1.0,0.525003266042,0.00554140946502,0.00407407407407,1.0,0.0965277777778,2
6,1.0,0.108870727919,0.545995103431,0.00670327609704,0.0141753472222,2.93333333333,0.0905713383838,4
6,1.0,0.0950695696014,0.225347372694,0.472349112475,0.320583767361,1.28,0.752690972222,7
6,0.00666666666667,-1.0,0.0,0.167682291667,0.167682291667,1.0,0.522222222222,3
6,1.0,0.0723326106366,0.0644642743116,0.510170505483,0.578704427083,1.02,0.756517792302,8
6,0.993333333333,0.0990148324098,0.53478152432,0.011336223714,0.00381944444444,2.85906040268,0.112540346244,5
6,1.0,0.031225770899,0.0415494045844,0.787009468091,0.741927083333,1.00666666667,0.900082781457,6
16,0.42,-1.0,0.632127568095,0.0418583676269,0.0416666666667,1.42857142857,0.213240740741,4
16,1.0,0.0322179561224,0.0581377575647,0.0699203802893,0.0078515625,4.12666666667,0.351433764136,9
16,0.113333333333,-1.0,0.157386300328,0.0593884763873,0.133559027778,1.0,0.272712418301,6
16,0.733333333333,0.0965496522858,0.173026794471,0.0112690908773,0.0165509259259,1.04545454545,0.116286231884,7
16,0.426666666667,-1.0,0.0839997944681,0.0277891708732,0.0638020833333,1.625,0.171607905983,8
16,0.906666666667,0.182825835192,0.298646840563,0.156904804504,0.09837890625,1.0,0.535243055556,10
16,0.453333333333,-1.0,0.216777927274,0.0209546058007,0.0220659722222,1.0,0.172426470588,5
16,1.0,0.0592523153272,0.23001211891,0.0628626341581,0.0262391493056,4.01333333333,0.376670358066,10
16,0.146666666667,-1.0,0.324644422055,0.14147304006,0.163252314815,1.0,0.406186868687,9
16,0.913333333333,0.121476260599,0.171634421186,0.00855993291921,0.0192289272031,1.0802919708,0.124084675809,5
16,1.0,0.0612111377007,0.0777777777778,0.0546063302129,0.0624537037037,1.00666666667,0.255104856512,4
16,0.28,-1.0,0.316258264909,0.0453286179306,0.0173972800926,1.09523809524,0.262605676329,6
16,1.0,0.147818524945,0.164134431799,0.152904133488,0.202799479167,1.0,0.522898148148,8
16,0.553333333333,0.0141167221548,0.0138888888889,0.0227600823307,0.021400462963,1.0,0.176229919679,7
16,0.273333333333,0.164221081331,0.552310400544,0.042844516432,0.0416666666667,1.65853658537,0.222753267974,6
16,0.0866666666667,-1.0,0.245719527958,0.15149747288,0.106481481481,1.0,0.486538461538,2
16,0.433333333333,-1.0,0.130705071005,0.0851261597595,0.0533101851852,1.27692307692,0.382563587684,10
16,0.08,-1.0,0.139644227249,0.014025297619,0.0145647321429,1.0,0.172619047619,4
16,0.0,-1.0,-1.0,0.0,0.0,0.0,0.0,1
16,0.0,-1.0,-1.0,0.0,0.0,0.0,0.0,3
16,0.113333333333,-1.0,0.0914168012534,0.0183336487168,0.00754557291667,1.0,0.223120915033,7
16,0.94,0.172318850309,0.284561917631,0.203636086702,0.196158854167,1.0,0.611101260835,8
16,0.313333333333,-1.0,0.185802825618,0.0222676173231,0.013744212963,1.0,0.156205673759,5
16,0.94,-1.0,0.0889132995995,0.0190224055352,0.0223611111111,1.0,0.159810874704,9
7,0.186666666667,-1.0,0.436236817641,0.0233232928241,0.0347330729167,1.07142857143,0.200092592593,2
7,0.353333333333,0.0817452287226,0.123562456287,0.39014122088,0.328802083333,1.0,0.639072327044,9
7,1.0,0.0254711021504,0.0455106442411,0.338839123999,0.349686520376,1.0,0.796240740741,10
7,0.0266666666667,-1.0,0.0240719177498,0.118103841146,0.120938585069,1.0,0.676388888889,3
7,0.18,0.0726780195342,0.03828125,0.681094321559,0.77517578125,1.0,0.870167824074,6
7,0.546666666667,0.106027413381,0.153025732192,0.702956903084,0.49233815427,1.0,0.867285661493,8
7,1.0,0.0168527577173,0.0015935381728,0.363298847018,0.327567274306,1.10666666667,0.893766733601,1
7,0.293333333333,0.0345639018781,0.118278403423,0.0958906068558,0.122634763476,1.09090909091,0.369533828383,4
7,1.0,0.0634176635345,0.0500771010481,0.592034194444,0.685154320988,1.0,0.868722222222,7
7,0.846666666667,0.399549415964,0.513235320128,0.0834977645533,0.01787109375,1.77165354331,0.331290123457,5
6,0.966666666667,-1.0,0.215235508423,0.596416038071,0.554917534722,1.01379310345,0.834467120181,7
6,0.906666666667,-1.0,0.201920861837,0.583637751461,0.771631944444,1.15441176471,0.775895700637,10
6,1.0,0.0272629933529,0.0388152864065,0.564044411654,0.525908203125,1.15333333333,0.785878291586,8
6,0.0266666666667,-1.0,0.525003266042,0.00554140946502,0.00407407407407,1.0,0.0965277777778,1
6,1.0,0.124569866184,0.0803120290044,0.010419922755,0.00668402777778,2.74,0.115740740741,4
6,0.16,-1.0,0.0503891109269,0.000853680555556,0.00087890625,1.04166666667,0.0359444444444,5
6,0.06,-1.0,0.317181667772,0.117672526042,0.422384982639,1.11111111111,0.381640625,2
6,0.926666666667,0.102601016718,0.205158553636,0.519576424001,0.488996310764,1.07194244604,0.737694001678,9
6,1.0,0.0565725194865,0.071078061795,0.628760424896,0.864733072917,1.18,0.827131885593,6
6,0.666666666667,-1.0,0.435992808673,0.00458651922105,0.000959201388889,1.72,0.0717215762274,3
7,1.0,0.048626762839,0.172959889734,0.643102980676,0.442649739583,1.02666666667,0.812423904221,7
7,0.233333333333,-1.0,0.456830745363,0.0276694444127,0.0301736111111,1.05714285714,0.229617117117,3
7,0.993333333333,0.0537262690134,0.10784827864,0.44769243265,0.296260850694,1.0,0.91283557047,6
7,1.0,0.032517536903,0.0499306818276,0.471097012864,0.450052246604,1.03333333333,0.700268817204,8
7,0.82,0.255945764102,0.207137354886,0.0639662724248,0.131751302083,1.21951219512,0.315972222222,10
7,0.406666666667,0.0698549448576,0.0972252214151,0.650217646635,0.731518151815,1.01639344262,0.843819865858,5
7,0.586666666667,-1.0,0.0924061345984,0.431145702183,0.405696614583,1.0,0.875031565657,9
7,1.0,0.00995444608532,0.0042392761969,0.340515988702,0.3325,1.14666666667,0.882776162791,2
7,0.0666666666667,-1.0,0.102827033993,0.124120996094,0.128576388889,1.0,0.419305555556,4
11,0.38,-1.0,0.478399647778,0.0205369583091,0.0214814814815,1.0,0.168079922027,1
11,0.993333333333,0.125503405068,0.105431127549,0.191793916217,0.0480186631944,1.02684563758,0.559415849673,8
11,0.9,0.135540827596,0.157165527666,0.0966344095569,0.157426215278,1.34074074074,0.426573050952,7
11,0.486666666667,-1.0,0.116439388046,0.139909030294,0.119091796875,1.0,0.571251902588,10
11,0.453333333333,0.0750827303566,0.201088317611,0.0318013266271,0.02953125,1.01470588235,0.206133540373,9
11,0.04,-1.0,0.0155912057383,0.00824351369599,0.00705186631944,1.0,0.12662037037,6
11,0.993333333333,0.0209176481717,0.0453975627719,0.260629161934,0.227994791667,1.0,0.838954138702,2
11,0.84,-1.0,0.284552424386,0.346035411319,0.261067708333,1.0,0.783377425044,3
11,0.0866666666667,0.0621326004956,0.228365669281,0.16750133547,0.172508680556,1.0,0.519831730769,5
11,0.16,-1.0,0.133204871565,0.0113683328511,0.00375,1.0,0.107523148148,4
14,0.98,0.126742120565,0.0334218298634,0.30556506665,0.51423828125,1.36054421769,0.6849375,3
14,1.0,0.115236077899,0.733677890378,0.0697750107854,0.0900954861111,2.52,0.49174750147,2
14,0.906666666667,0.106755869167,0.102331195924,0.463794866168,0.522412109375,1.00735294118,0.803801703163,1
14,1.0,0.0271064884457,0.0608739083356,0.490973488466,0.665960648148,1.18,0.853185812932,8
14,1.0,0.0224087757713,0.0410031074741,0.3950080324,0.293072916667,1.05333333333,0.899156118143,9
14,1.0,0.0256770319649,0.00896117593251,0.526746443369,0.637361111111,1.32666666667,0.851626186488,5
14,0.966666666667,-1.0,0.0171341501558,0.129760623466,0.111126302083,1.14482758621,0.475527108434,7
14,1.0,0.125733632287,0.596406727831,0.118861735509,0.0197786458333,4.07333333333,0.54629932715,4
14,1.0,0.0398948695919,0.0175682092232,0.312473215362,0.294421296296,1.22,0.789860352155,10
14,1.0,0.125451145844,0.384837684489,0.212461946412,0.0586328125,2.9,0.523381226054,6
14,0.393333333333,0.0877487841402,0.287458533728,0.271126641629,0.190130208333,1.06779661017,0.780621693122,4
14,1.0,0.0402619054611,0.0542378449716,0.47540141558,0.452291666667,1.01333333333,0.90899122807,9
14,1.0,0.0355317618553,0.0238776822874,0.149336445711,0.0009765625,1.8,0.546306584362,5
14,0.3,0.146311163573,0.161804065325,0.186556632866,0.245486111111,1.13333333333,0.550163398693,2
14,0.353333333333,0.0546580128265,0.0566106009452,0.331344312667,0.32568359375,1.39622641509,0.765897147147,1
14,0.853333333333,0.135204291139,0.105225556953,0.0664688354713,0.0090625,2.09375,0.453399668325,6
14,1.0,0.0216263700165,0.015120122479,0.352665485725,0.320073784722,1.0,0.931796296296,10
14,1.0,0.0331811289266,0.120579665938,0.479568580826,0.496234809028,1.5,0.803339506173,3
14,1.0,0.0271110454285,0.0304607113881,0.264556802112,0.0234375,1.44666666667,0.723412698413,7
14,1.0,0.0682184620702,0.0372293635614,0.173504959356,0.06171875,2.58,0.593518518519,8
14,1.0,0.0755035771132,0.146077037814,0.0953808560293,0.000848524305556,2.3,0.441030595813,7
14,0.96,0.0989952692371,0.0829417884891,0.34269651067,0.34109375,1.17361111111,0.67293721236,6
14,1.0,0.12081394713,0.045072400284,0.19542671864,0.13203125,2.70666666667,0.661904761905,5
14,0.993333333333,0.106087126929,0.121354166667,0.403625724343,0.40375,1.04026845638,0.827616487455,1
14,0.986666666667,0.170702901508,0.608657083435,0.135086268841,0.178263888889,1.97972972973,0.429607508532,3
14,1.0,0.0198075735786,0.0272878893696,0.355762346009,0.339205729167,1.01333333333,0.925932017544,9
14,1.0,0.0439129278224,0.0242585420813,0.620614822099,0.696111111111,1.10666666667,0.933157630522,10
14,1.0,0.180748972392,0.516108319882,0.124739716776,0.060771484375,3.84666666667,0.529250914693,4
14,0.346666666667,-1.0,0.0127178285907,0.000965185322156,0.00102322048611,1.0,0.0367521367521,2
14,1.0,0.0322281217,0.138506417822,0.285326343261,0.331284722222,1.39333333333,0.752153110048,8
14,1.0,0.02053401203,0.025,0.427513531265,0.491371527778,1.04,0.913141025641,9
14,1.0,0.131025740689,0.0650854139659,0.494261717187,0.429548611111,1.16,0.748235951469,3
14,1.0,0.26210531393,0.279511947888,0.487340795918,0.532037037037,1.16666666667,0.917285714286,6
14,0.993333333333,0.111863723058,0.137547367727,0.437335414864,0.401041666667,1.02684563758,0.754193899782,2
14,0.533333333333,-1.0,0.605482682287,0.280320816238,0.235590277778,1.0875,0.575893997446,5
14,1.0,0.0315506982998,0.0239413436137,0.0934594501296,0.410269097222,2.44,0.418784153005,10
14,1.0,0.0227425145381,0.0492383424163,0.638813967427,0.513901909722,1.12,0.93253968254,8
14,0.00666666666667,-1.0,0.0,0.112141927083,0.112141927083,1.0,0.451388888889,4
14,1.0,0.187712798023,0.236539643794,0.31799392524,0.297662037037,1.11333333333,0.857252162342,7
14,1.0,0.0462985085,0.0588718963994,0.454670161878,0.564072265625,1.57333333333,0.9125,1
16,0.753333333333,-1.0,0.181622116947,0.0350098220156,0.0421875,1.89380530973,0.209826064382,5
16,0.706666666667,0.240039129687,0.214056955778,0.165869814338,0.071181640625,1.42452830189,0.540866445916,10
16,0.00666666666667,-1.0,0.0,0.18703125,0.18703125,1.0,0.475,3
16,0.0,-1.0,-1.0,0.0,0.0,0.0,0.0,1
16,0.0,-1.0,-1.0,0.0,0.0,0.0,0.0,2
16,0.193333333333,0.0758400019471,0.0516696534382,0.0428945216049,0.0156423611111,1.03448275862,0.210740740741,6
16,1.0,0.0272556599481,0.0240719177498,0.25502941059,0.23392578125,1.0,0.608435185185,9
16,0.56,0.0944681608683,0.124327376266,0.224799984456,0.0713020833333,1.0,0.53146494709,7
16,0.84,0.0745531645607,0.128274998767,0.0222540844613,0.0191044560185,1.0,0.155299272487,4
16,0.913333333333,0.169378533905,0.294627825494,0.0156683939904,0.0105324074074,1.0,0.139765815085,8
14,0.793333333333,0.0718319401377,0.398785931527,0.168572552958,0.00821180555556,1.31932773109,0.660447629158,5
14,1.0,0.0518723698747,0.057591021372,0.121025370888,0.067568359375,3.1,0.601559139785,2
14,1.0,0.211944072318,0.4454943738,0.0397877919217,0.0643402777778,3.29333333333,0.292858749438,3
14,1.0,0.117925799164,0.442662179307,0.0869455148128,0.0905338541667,2.43333333333,0.525171232877,7
14,0.633333333333,0.142256844085,0.219367788182,0.0532874301067,0.0586626838235,1.67368421053,0.383339499322,1
14,1.0,0.0645700136117,0.128600518944,0.0661394340586,0.0585557725694,3.92,0.385915060469,6
14,1.0,0.197436471993,0.185343684431,0.248904149666,0.290588107639,1.92,0.716329089506,4
14,1.0,0.0721954370459,0.165417774509,0.0891628233972,0.00204752604167,2.08666666667,0.420984203053,10
14,1.0,0.0479448752524,0.0100007384228,0.309747801183,0.335492621528,1.18666666667,0.801646379526,9
14,1.0,0.0200274775795,0.00837842257779,0.442406904066,0.517152777778,1.10666666667,0.894879518072,8
14,1.0,0.0772526329689,0.0901087242612,0.0736573335889,0.0041015625,2.21333333333,0.51265060241,10
14,0.986666666667,0.232798294239,0.369332167567,0.30203504723,0.00390625,1.24324324324,0.710990338164,6
14,0.393333333333,0.176766673187,0.491754966226,0.0528229784946,0.0110286458333,6.4406779661,0.405650584795,5
14,1.0,0.0523809342639,0.0492923333326,0.404342073246,0.410622284295,1.0,0.752518518519,9
14,0.493333333333,-1.0,0.586909277487,0.016890481019,0.019921875,1.36486486486,0.190501237624,4
14,1.0,0.104361313139,0.602011297684,0.0798346700714,0.0565972222222,4.91333333333,0.419553746419,8
14,1.0,0.0774361715633,0.150589701341,0.142695081497,0.365400390625,1.80666666667,0.588289257893,1
14,1.0,0.0961487300322,0.231044038348,0.226900630576,0.131012369792,1.55333333333,0.670672389127,2
14,0.666666666667,0.0682057658812,0.105956875129,0.101560453704,0.00563368055556,1.5,0.439111111111,3
14,1.0,0.0849257597309,0.461931121484,0.0520287110169,0.0660714285714,5.36,0.367269046922,7
14,0.993333333333,0.268663187461,0.152660249144,0.1196073292,0.0662543402778,1.78523489933,0.581986215539,9
14,1.0,0.0959291359302,0.613974418071,0.0521718258674,0.0245909288194,7.38666666667,0.40145281789,7
14,0.48,0.0504517954965,0.123288449375,0.0171699311725,0.0282396004379,1.01388888889,0.140886605784,1
14,0.0,-1.0,-1.0,0.0,0.0,0.0,0.0,3
14,1.0,0.064300911233,0.145908648707,0.0826412097677,0.0192925347222,2.78,0.416550093259,6
14,1.0,0.038146514974,0.0760987723962,0.0650347912906,0.187265625,1.36,0.515774782135,8
14,0.02,-1.0,0.0122675630743,0.0716411072531,0.06328125,1.0,0.376851851852,2
14,0.973333333333,0.0140977322681,0.029074678228,0.0476471668135,0.0603149414063,1.41095890411,0.423930521845,5
14,1.0,0.119019898742,0.219215773966,0.215670307737,0.090162037037,3.54666666667,0.650088763576,4
14,1.0,0.0203076907807,0.00414581733898,0.412585225044,0.48048828125,1.16,0.848180076628,10
14,1.0,0.0923607341302,0.0665582976996,0.0427458217942,0.0544270833333,2.88666666667,0.306193867077,3
14,1.0,0.120035622367,0.0561609806579,0.0824932190756,0.118771701389,2.42,0.525344352617,9
14,1.0,0.0344983670811,0.103610203489,0.206510651627,0.198576388889,1.26,0.727153145209,10
14,1.0,0.0215087504106,0.00637415269121,0.221770628321,0.206197916667,1.00666666667,0.913668138337,5
14,0.98,0.205704047644,0.21286692249,0.0231540759816,0.00323567708333,2.81632653061,0.200375738057,2
14,0.72,0.089267274959,0.0695476735046,0.26012400784,0.401830808081,1.50925925926,0.738513974097,7
14,1.0,0.0409654156359,0.0389060330823,0.210850065104,0.209982638889,2.0,0.693888888889,1
14,1.0,0.112842926145,0.310863881046,0.126773720543,0.112064887153,1.72,0.577546296296,8
14,1.0,0.0704410876825,0.0902912983999,0.175927458488,0.00780381944444,1.96,0.58871409675,6
14,0.793333333333,0.0657556033216,0.0442977178717,0.102675776366,0.410763888889,1.27731092437,0.351288377193,4
14,1.0,0.0645301344558,0.0968274241624,0.0341269003342,0.012783203125,10.82,0.31201050866,9
14,0.22,-1.0,0.275308592135,0.0484842987823,0.0618098958333,1.0303030303,0.31772875817,10
14,0.793333333333,0.159272234095,0.404298652576,0.0592461208698,0.0110286458333,5.97478991597,0.420651664323,7
14,1.0,0.0576190445989,0.0418110922875,0.470206198374,0.575164930556,1.09333333333,0.883367208672,8
14,0.993333333333,0.0860384634356,0.244319136127,0.0940415237115,0.202513020833,3.75838926174,0.438415178571,5
14,1.0,0.0319030115488,0.302157969408,0.0783133055504,0.143967013889,3.68,0.417768719807,6
14,0.92,0.11833110645,0.329422634376,0.12781686417,0.0302072482639,2.24637681159,0.554068100358,4
14,1.0,0.014766762566,0.0136789691692,0.477758549921,0.454224537037,1.00666666667,0.923436350258,8
14,1.0,0.0341158585478,0.0150231303144,0.335796790755,0.360846354167,1.08,0.882184499314,4
14,1.0,0.021643909094,0.0248700567782,0.107658240467,0.00143229166667,2.16666666667,0.441914529915,9
14,1.0,0.0997787856342,0.082073815015,0.291516909548,0.411744791667,2.90666666667,0.673050458716,1
14,1.0,0.0198664927658,0.0136439446848,0.637090439879,0.805910373264,1.11333333333,0.934921823021,7
14,1.0,0.101197968682,0.170031145023,0.385898240007,0.351276041667,1.00666666667,0.91278513613,10
14,1.0,0.0523109009185,0.0408381162165,0.202037522839,0.008203125,3.04,0.525045687135,2
14,0.766666666667,-1.0,0.514314770798,0.0579050869519,0.379652777778,1.2,0.357397342995,3
14,1.0,0.0740411785283,0.096287670999,0.272955861583,0.106921296296,1.37333333333,0.738376483279,5
14,1.0,0.0821864934634,0.600188247603,0.0743257759682,0.0373288272472,4.29333333333,0.443144148231,6
12,0.0,-1.0,-1.0,0.0,0.0,0.0,0.0,1
12,0.966666666667,0.128004373851,0.0313223747166,0.076547419996,0.0942415364583,1.40689655172,0.355773420479,10
12,0.586666666667,0.112318147607,0.379568773749,0.112042031107,0.004609375,1.25,0.494747474747,6
12,0.0,-1.0,-1.0,0.0,0.0,0.0,0.0,5
12,0.00666666666667,-1.0,0.0,0.720952690972,0.720952690972,1.0,0.96484375,4
12,0.173333333333,-1.0,0.122003038947,0.219350197495,0.619791666667,1.0,0.625747863248,8
12,0.0,-1.0,-1.0,0.0,0.0,0.0,0.0,7
12,0.0,-1.0,-1.0,0.0,0.0,0.0,0.0,9
12,0.0,-1.0,-1.0,0.0,0.0,0.0,0.0,2
12,0.646666666667,0.142965622472,0.179846698801,0.0258972333024,0.03427734375,1.0,0.213989117984,3
14,0.4,0.170251509013,0.326446704118,0.0790644814713,0.214073350694,1.61666666667,0.470303550974,3
14,0.333333333333,-1.0,0.212190951739,0.0646326497396,0.0628333333333,1.28,0.347604166667,8
14,0.346666666667,-1.0,0.125256085337,0.00160866477273,0.00133680555556,1.05769230769,0.075,7
14,1.0,0.0185648443589,0.0108974686295,0.454286288054,0.442990451389,1.11333333333,0.799093479707,2
14,0.206666666667,0.548229904953,0.841667812614,0.0041392326771,0.00499131944444,1.32258064516,0.116226287263,6
14,0.993333333333,0.101783483695,0.120601629701,0.0839885312042,0.0398491753472,2.6711409396,0.60194025684,10
14,0.0,-1.0,-1.0,0.0,0.0,0.0,0.0,1
14,0.213333333333,0.182212176655,0.621882657841,0.0118834686279,0.00569661458333,1.0,0.2046875,4
14,0.0,-1.0,-1.0,0.0,0.0,0.0,0.0,5
14,1.0,0.0179931428856,0.0195805704439,0.130534323471,0.109750434028,2.0,0.701453703704,9
14,0.0,-1.0,-1.0,0.0,0.0,0.0,0.0,5
14,1.0,0.159166691123,0.393930468652,0.0571788940115,0.00694010416667,5.46666666667,0.414559620596,8
14,0.706666666667,-1.0,0.00209055461437,0.321029328903,0.387029079861,2.0,0.8709971174,10
14,0.4,0.108241318188,0.0161058813501,0.0389486265204,0.030625,1.08333333333,0.232329059829,4
14,1.0,0.01299661361,0.0207644985511,0.395886528422,0.5527734375,1.19333333333,0.747648975791,3
14,0.313333333333,-1.0,0.54375904217,0.0134114937931,0.00279188368056,1.08510638298,0.230092592593,6
14,1.0,0.0956570841488,0.136076146347,0.218092644501,0.172682291667,1.67333333333,0.651814962373,9
14,0.0933333333333,-1.0,0.581600875818,0.0787292729592,0.0644401041667,1.0,0.638095238095,2
14,0.206666666667,-1.0,0.278062571021,0.00404880947537,0.00316840277778,1.03225806452,0.0955295138889,7
14,0.02,-1.0,0.0122675630743,0.0716411072531,0.06328125,1.0,0.376851851852,1
14,0.0,-1.0,-1.0,0.0,0.0,0.0,0.0,3
14,0.04,-1.0,0.0197466898793,0.00364221643519,0.00515082465278,1.0,0.122685185185,6
14,1.0,0.426539935993,0.437589311045,0.0707369689955,0.212467447917,5.5,0.424713804714,9
14,1.0,0.0181240834754,0.0251228235287,0.257129237529,0.318515625,2.06666666667,0.845295698925,8
14,0.253333333333,0.122962083385,0.157336596017,0.118628452224,0.01775390625,1.52631578947,0.54063697318,2
14,0.373333333333,0.0957886711334,0.414410558639,0.114069756914,0.0179036458333,1.80357142857,0.597332233223,10
14,0.273333333333,-1.0,0.308703610895,0.00990486424773,0.000874565972222,1.29268292683,0.199449685535,5
14,0.0333333333333,-1.0,0.276506435802,0.00840946903935,0.00525716145833,1.2,0.126388888889,4
14,0.0,-1.0,-1.0,0.0,0.0,0.0,0.0,7
14,0.32,0.150475555102,0.220329959606,0.127640785519,0.301776258681,1.83333333333,0.588131313131,3
14,0.153333333333,-1.0,0.393592585622,0.0148491061464,0.000963541666667,1.21739130435,0.149702380952,7
14,0.16,-1.0,0.352562332113,0.00174021875,0.0012890625,1.04166666667,0.0796666666667,5
14,0.00666666666667,-1.0,0.0,0.006015625,0.006015625,1.0,0.0916666666667,1
14,1.0,0.0237881328444,0.0511611060021,0.0605764765798,0.0656423611111,1.08666666667,0.477147239264,2
14,0.0,-1.0,-1.0,0.0,0.0,0.0,0.0,8
14,0.806666666667,0.329081193345,0.415336418193,0.310262528379,0.242447916667,1.52066115702,0.827694746377,10
14,0.94,0.271371246034,0.20630568906,0.0587398952101,0.1459765625,2.32624113475,0.420282859079,9
14,0.186666666667,-1.0,0.699135808326,0.169626680467,0.0285503472222,1.39285714286,0.581018518519,6
14,0.0,-1.0,-1.0,0.0,0.0,0.0,0.0,4
14,0.266666666667,-1.0,0.343435262496,0.0512361927827,0.0385308159722,6.4,0.418033854167,7
14,0.666666666667,-1.0,0.645668871869,0.250666508401,0.404622395833,1.37,0.812631792376,5
14,0.0,-1.0,-1.0,0.0,0.0,0.0,0.0,1
14,1.0,0.167533313066,0.228057358931,0.0862800857963,0.0682508680556,6.46666666667,0.516416093929,10
14,0.16,-1.0,0.158833412617,0.00154068625185,0.00218424479167,1.08333333333,0.0759615384615,4
14,0.0733333333333,-1.0,0.00078125,0.222979250961,0.230263671875,1.0,0.91452020202,6
14,0.986666666667,0.150738365397,0.112958845702,0.16974333596,0.251605902778,1.28378378378,0.654027777778,8
14,1.0,0.0930011131345,0.0920880531826,0.039590829899,0.0094921875,4.63333333333,0.378986810552,9
14,0.233333333333,-1.0,0.0042392761969,0.105659823178,0.05484375,1.45714285714,0.449727668845,2
14,1.0,0.0392474599614,0.0898198857866,0.160739256595,0.180960648148,3.06666666667,0.605332125604,3
12,0.0,-1.0,-1.0,0.0,0.0,0.0,0.0,1
12,1.0,0.121739311347,0.0812650226497,0.0858512457993,0.0869520399306,1.06,0.379926624738,10
12,0.0133333333333,-1.0,0.053125,0.109498697917,0.126730685764,1.0,0.504166666667,7
12,0.453333333333,0.0824945236275,0.0869611452832,0.0900004109977,0.059375,1.02941176471,0.409841269841,6
12,0.52,-1.0,0.166967321413,0.0193699427175,0.0170138888889,1.01282051282,0.160443037975,5
12,0.0,-1.0,-1.0,0.0,0.0,0.0,0.0,4
12,0.793333333333,0.101143288012,0.102827033993,0.498702388713,0.559384765625,1.10084033613,0.752798982188,9
12,0.666666666667,-1.0,0.105821099251,0.341431504537,0.310390625,1.01,0.756655665567,8
12,0.0,-1.0,-1.0,0.0,0.0,0.0,0.0,3
12,0.946666666667,0.0429241606981,0.0948647713626,0.0278898688633,0.0248980034722,1.00704225352,0.221386946387,2
2,0.993333333333,0.132438405135,0.250866553725,0.264210753476,0.383958333333,1.12080536913,0.550698602794,5
2,0.473333333333,-1.0,0.0423341536778,0.0609040006065,0.0576019965278,1.0,0.25901799687,8
2,1.0,0.0426049461659,0.122700474158,0.0187770880704,0.0636241319444,1.67333333333,0.203945329792,9
2,0.993333333333,0.0461380176163,0.0834728288479,0.0207743060639,0.015859375,1.0,0.157414010067,2
2,1.0,0.0608723258695,0.243946778753,0.0616703624942,0.0844574652778,7.42666666667,0.344849640934,7
2,0.2,0.108259000234,0.128180770429,0.134848630322,0.078203125,1.1,0.374663299663,4
2,0.493333333333,0.0496447172675,0.226374659387,0.111199126174,0.0611349826389,1.0,0.362312312312,10
2,0.526666666667,0.119407546853,0.0173133022277,0.124612675046,0.420930989583,2.78481012658,0.447588383838,3
2,0.786666666667,0.0425783967109,0.0300542847339,0.0756164291298,0.0882291666667,1.02542372881,0.321602387511,6
11,0.466666666667,0.0999174954838,0.0742733006966,0.535395830238,0.24984375,1.04285714286,0.858485540335,5
11,0.266666666667,0.0407819142117,0.0278390166977,0.183147790942,0.24060546875,1.1,0.528914141414,3
11,0.52,-1.0,0.417387433596,0.0539196954257,0.0260416666667,1.17948717949,0.281702898551,6
11,0.48,0.150849599936,0.138350083351,0.0403902648926,0.0220616319444,1.11111111111,0.22271484375,2
11,0.0333333333333,-1.0,0.268745513887,0.0812777777778,0.0672482638889,1.0,0.391111111111,9
11,0.606666666667,0.161986510535,0.136081102311,0.224602385843,0.276039496528,1.02197802198,0.556839904421,10
11,0.66,0.0481675493442,0.11491622284,0.0407261798009,0.051196369637,1.0,0.32098209821,4
11,0.333333333333,0.181145489379,0.555470913691,0.0886202924679,0.05794921875,1.04,0.366666666667,8
11,0.92,0.0838749197115,0.0397703041903,0.119167037122,0.0908669704861,1.76086956522,0.497119341564,7
11,0.833333333333,0.0925199274372,0.0833919064984,0.479767108523,0.357899305556,1.088,0.833129084967,4
11,0.133333333333,0.0470771004432,0.0923627835714,0.0258318187572,0.0383658854167,1.2,0.301273148148,10
11,0.986666666667,0.125017326215,0.129035020325,0.256939927219,0.363755425347,1.0,0.849812312312,3
11,0.933333333333,0.149123373677,0.466164163979,0.310435292659,0.264796006944,1.0,0.589900793651,8
11,0.84,0.113713636434,0.323909030446,0.190398843242,0.313474392361,2.61111111111,0.632784532253,6
11,0.326666666667,0.339133503176,0.200099549779,0.0783858222349,0.238366336634,1.0,0.353909880784,5
11,0.52,0.108428763355,0.111505512038,0.0522152084027,0.0929535590278,1.44871794872,0.295685840708,9
11,0.0866666666667,-1.0,0.0434805726416,0.392987035667,0.296299913194,1.0,0.86452991453,1
11,0.586666666667,0.0663482332211,0.175594315039,0.147200862751,0.109682074653,1.01136363636,0.390326544944,2
11,0.713333333333,-1.0,0.653217481057,0.119698441558,0.0524869791667,1.36448598131,0.520614535769,7
